578 159 1
597 168 1
150 171 1
324 181 1
239 183 1
375 193 1
158 196 1
158 208 1
196 208 1
611 215 1
348 217 1
176 232 1
508 233 1
437 234 1
74 236 1
130 236 1
286 243 1
441 251 1
230 260 1
340 263 1
623 269 1
441 285 1
10 294 1
364 110 2
251 116 2
373 117 2
410 120 2
388 123 2
227 125 2
290 125 2
395 125 2
499 125 2
481 127 2
423 128 2
443 131 2
549 132 2
324 133 2
360 133 2
433 133 2
31 134 2
562 134 2
50 135 2
453 135 2
530 136 2
265 137 2
511 137 2
203 138 2
483 139 2
72 140 2
121 140 2
103 141 2
494 141 2
523 142 2
114 145 2
469 145 2
558 146 2
39 148 2
75 148 2
369 148 2
415 149 2
91 154 2
640 154 2
13 155 2
500 156 2
655 156 2
125 161 2
454 161 2
59 167 2
300 167 2
493 170 2
512 170 2
555 182 2
546 233 2
652 252 2
109 259 2
650 318 2
424 351 2
584 367 2