943 560 1
1525 565 1
1602 565 1
1334 570 1
1364 570 1
40 573 1
410 573 1
188 578 1
667 578 1
91 583 1
116 583 1
149 583 1
435 583 1
545 588 1
260 589 1
241 590 1
405 593 1
583 598 1
956 598 1
1428 598 1
383 624 1
517 629 1
479 631 1
319 642 1
14 644 1
269 652 1
165 746 1
645 805 1
726 896 1
1099 481 2
1158 486 2
1050 488 2
1574 488 2
1385 499 2
1415 501 2
241 504 2
1364 504 2
716 509 2
744 509 2
195 514 2
987 515 2
320 516 2
810 516 2
555 519 2
1288 519 2
1346 519 2
129 521 2
578 521 2
772 521 2
782 521 2
1385 521 2
1523 521 2
343 525 2
1334 525 2
890 526 2
32 527 2
489 528 2
469 531 2
170 532 2
542 532 2
507 534 2
604 537 2
690 537 2
369 539 2
1097 546 2