848 340 1
795 342 1
230 345 1
925 346 1
698 348 1
828 354 1
1260 354 1
776 355 1
745 356 1
646 361 1
672 365 1
405 366 1
974 368 1
1196 368 1
1222 368 1
1362 368 1
598 373 1
1026 373 1
1380 373 1
277 374 1
885 375 1
1153 375 1
913 377 1
110 378 1
496 380 1
1101 380 1
1280 385 1
339 389 1
630 393 1
80 400 1
173 400 1
1389 405 1
1131 415 1
808 420 1
1190 423 1
646 430 1
572 434 1
1062 436 1
939 455 1
432 457 1
16 464 1
821 525 1
521 281 2
332 291 2
1062 298 2
398 299 2
1108 300 2
120 303 2
1337 304 2
1224 307 2
876 311 2
971 318 2