1536 614 1
1309 615 1
1397 615 1
1463 615 1
1696 623 1
1345 626 1
1251 627 1
1501 629 1
1179 632 1
1129 636 1
2329 637 1
1053 638 1
2166 639 1
587 641 1
1277 641 1
863 646 1
752 647 1
1847 647 1
2279 649 1
2727 649 1
1630 651 1
1117 652 1
1448 652 1
1899 653 1
2494 653 1
1029 654 1
1726 655 1
1754 655 1
1995 657 1
2538 657 1
2638 659 1
939 660 1
1354 660 1
2090 663 1
2459 663 1
669 665 1
2170 667 1
398 671 1
601 671 1
1182 673 1
1659 675 1
2773 675 1
3503 678 1
754 681 1
1033 681 1
2068 683 1
3565 684 1
3091 687 1
1492 688 1
2144 689 1
2835 689 1
3813 690 1
1714 693 1
1849 693 1
2234 693 1
2351 693 1
1097 694 1
2881 699 1
3332 699 1
1541 701 1
1284 702 1
3261 705 1
2494 707 1
3052 708 1
2120 709 1
2717 709 1
2928 709 1
1903 711 1
2596 711 1
3470 714 1
2443 721 1
1740 723 1
3153 723 1
3219 723 1
2825 731 1
3730 732 1
4106 735 1
3816 738 1
2789 739 1
2100 743 1
2377 743 1
3377 744 1
3777 744 1
4046 752 1
2593 758 1
2662 760 1
3040 761 1
2315 764 1
3658 770 1
2965 773 1
135 776 1
770 786 1
2896 791 1
3712 791 1
3297 800 1
438 802 1
3252 803 1
4076 806 1
3664 821 1
198 824 1
88 828 1
4115 839 1
864 842 1
1057 842 1
1208 858 1
478 861 1
719 864 1
1489 872 1
635 909 1
1772 918 1
2891 947 1
3461 949 1
1487 952 1
32 962 1
1294 965 1
2585 966 1
2246 973 1
2017 977 1
2150 986 1
290 999 1
1665 1050 1
1878 1083 1
4089 1103 1
1311 1112 1
2440 1162 1
2101 1166 1
4014 1220 1
3144 1274 1
4079 1382 1
1038 1484 1
2133 1680 1
3927 1953 1
1183 2348 1
493 545 2