760 164 1
740 167 1
646 178 1
570 195 1
809 154 2
656 166 2
609 170 2
502 174 2
598 174 2
543 177 2
413 181 2
387 200 2
1172 209 2
1188 209 2
986 210 2
1161 216 2
1256 216 2
1242 217 2
1226 222 2
953 225 2
1084 225 2
1147 225 2
346 226 2
914 228 2
1200 228 2
1129 229 2
1101 231 2
881 234 2
1069 234 2
1034 235 2
1002 237 2
784 238 2
702 242 2
716 242 2
760 242 2
1262 243 2
841 245 2
894 245 2
933 245 2
1168 245 2
753 247 2
1122 247 2
857 248 2
313 249 2
733 251 2
826 251 2
1213 253 2
652 254 2
601 255 2
683 255 2
799 255 2
1145 255 2
737 259 2
1061 259 2
487 260 2
1028 260 2
135 261 2
401 261 2
706 261 2
720 261 2
119 263 2
149 263 2
422 263 2
1246 263 2
276 267 2
809 267 2
946 267 2
268 268 2
63 269 2
110 269 2
564 269 2
294 270 2
635 271 2
121 275 2
129 275 2
372 275 2
995 275 2
478 276 2
1256 276 2
333 278 2
569 279 2
918 279 2
1213 279 2
13 280 2
349 280 2
525 280 2
608 280 2
755 280 2
401 282 2
500 282 2
61 284 2
98 284 2
189 284 2
228 286 2
248 286 2
279 286 2
440 286 2
177 288 2
147 292 2
203 292 2
640 292 2
476 293 2
63 294 2
408 294 2
376 295 2
605 295 2
687 295 2
355 296 2
538 296 2
574 296 2
310 298 2
512 298 2
1054 298 2
131 300 2
30 302 2
224 302 2
249 302 2
329 302 2
162 304 2
182 304 2
281 304 2
619 304 2
838 304 2
673 305 2
102 307 2
950 308 2
1267 308 2
399 309 2
1104 309 2
459 310 2
766 311 2
1194 311 2
270 313 2
419 313 2
69 315 2
745 317 2
251 319 2
306 320 2
483 321 2
18 325 2
667 325 2
121 327 2
151 327 2
229 328 2
788 329 2
600 331 2
200 334 2
57 337 2
562 337 2
175 338 2
461 339 2
149 342 2
350 343 2
527 350 2
858 352 2
1071 352 2
737 354 2
54 355 2
90 360 2
139 360 2
202 366 2
255 368 2
302 368 2
638 376 2
786 376 2
40 377 2
1213 383 2
7 385 2
940 391 2
230 393 2
434 393 2
821 409 2
149 412 2
250 418 2
353 459 2
11 461 2
772 490 2
986 502 2
220 508 2
53 511 2
491 599 2