485 337 1
355 339 1
556 339 1
476 341 1
557 347 1
636 347 1
583 348 1
36 352 1
489 352 1
538 357 1
830 360 1
565 363 1
487 365 1
112 368 1
577 373 1
52 374 1
818 374 1
5 378 1
141 379 1
648 384 1
501 395 1
182 396 1
771 396 1
99 398 1
396 408 1
555 412 1
103 419 1
10 428 1
188 504 1
819 307 2
753 308 2
1045 308 2
779 309 2
872 310 2
1159 312 2
438 314 2
265 317 2
811 319 2
647 323 2
1073 323 2
1106 326 2
1192 328 2
766 334 2
401 335 2
306 336 2
953 339 2
163 347 2
101 348 2
149 350 2
380 354 2
287 401 2