753 163 1
725 165 1
771 169 1
790 170 1
753 175 1
154 178 1
703 179 1
715 181 1
269 182 1
183 183 1
187 183 1
100 185 1
244 185 1
771 185 1
18 186 1
35 188 1
75 188 1
173 188 1
23 189 1
137 189 1
263 190 1
129 192 1
775 200 1
589 203 1
238 204 1
795 204 1
222 208 1
631 209 1
339 212 1
583 212 1
193 213 1
681 214 1
570 215 1
713 215 1
114 220 1
17 227 1
93 228 1
549 233 1
584 242 1
710 242 1
685 248 1
507 251 1
481 262 1
757 269 1
506 275 1
436 277 1
756 285 1
799 288 1
745 293 1
365 300 1
470 305 1
338 311 1
427 315 1
636 315 1
726 316 1
297 326 1
608 327 1
435 333 1
707 341 1
202 373 1
476 378 1
628 388 1
738 389 1
191 403 1
800 414 1
420 428 1
649 428 1
169 169 2
147 170 2
363 171 2
284 178 2
729 180 2
332 183 2
349 186 2
163 196 2
204 211 2
622 214 2
634 238 2