269 2 2
58 3 2
245 3 2
415 5 2
10 10 2
33 10 2
183 12 2
72 18 2
207 18 2
350 20 2
386 20 2
308 23 2
230 25 2
258 25 2
145 27 2
563 32 2
189 34 2
321 38 2
118 40 2
556 50 2
523 51 2
203 52 2
5 53 2
103 53 2
163 55 2
460 55 2
34 60 2
131 60 2
244 63 2
11 74 2
114 74 2
201 74 2
280 74 2
295 76 2
58 77 2
35 81 2
352 81 2
508 82 2
49 90 2
95 92 2
131 95 2
438 96 2
557 103 2
386 107 2
83 112 2
340 115 2
439 126 2
285 127 2
233 131 2
385 139 2
602 140 2
32 152 2
201 166 2
494 166 2
569 168 2
151 170 2
408 175 2
545 179 2
240 180 2
314 180 2
601 181 2
349 187 2
107 197 2
290 201 2
448 202 2
471 204 2
179 218 2
131 220 2
77 221 2
396 233 2
511 233 2
217 236 2
350 236 2
49 241 2
580 257 2
231 259 2
26 274 2
177 278 2
289 282 2
431 284 2
117 301 2
332 313 2
512 316 2