226 116 1
178 117 1
456 117 1
271 118 1
281 118 1
306 118 1
244 120 1
296 120 1
169 121 1
408 121 1
340 122 1
378 122 1
99 123 1
146 124 1
253 124 1
494 124 1
228 127 1
36 128 1
72 128 1
503 131 1
549 132 1
127 134 1
185 134 1
205 134 1
381 136 1
341 138 1
51 139 1
594 139 1
101 140 1
433 140 1
14 146 1
421 153 1
540 154 1
482 155 1
269 156 1
388 156 1
356 159 1
563 160 1
166 162 1
296 169 1
215 175 1
515 187 1
430 188 1
470 79 2
283 86 2
338 86 2
538 86 2
310 87 2
288 89 2
343 89 2
202 90 2
400 90 2
243 91 2
514 91 2
262 92 2
372 97 2