278 180 1
341 186 1
19 188 1
133 190 1
467 190 1
119 191 1
208 191 1
485 191 1
551 193 1
27 195 1
330 195 1
403 195 1
61 196 1
370 196 1
176 197 1
137 199 1
247 199 1
388 199 1
537 204 1
558 204 1
462 206 1
25 209 1
237 214 1
68 215 1
258 220 1
121 221 1
172 221 1
352 222 1
572 231 1
298 235 1
428 235 1
206 239 1
356 243 1
398 251 1
206 255 1
570 265 1
35 266 1
258 314 1
373 67 2
481 71 2
233 72 2
446 72 2
338 73 2
302 74 2
413 74 2
85 75 2
112 76 2
157 76 2
195 76 2
262 79 2
382 81 2
467 81 2
424 84 2
276 85 2
82 86 2
340 87 2
164 88 2
242 89 2
424 90 2
310 91 2
469 91 2
515 91 2
125 93 2
200 94 2
233 100 2
155 101 2
117 102 2
192 102 2
347 102 2
387 102 2
75 104 2
509 104 2
426 105 2
472 110 2
105 111 2
147 112 2
313 114 2
378 114 2
186 116 2
349 116 2
229 117 2
65 118 2