330 159 1
52 162 1
148 162 1
142 163 1
188 163 1
49 164 1
169 164 1
201 164 1
96 165 1
214 165 1
342 166 1
90 167 1
163 167 1
320 167 1
58 168 1
173 168 1
227 168 1
582 170 1
69 172 1
102 172 1
178 172 1
188 172 1
561 173 1
54 174 1
195 174 1
201 174 1
549 174 1
645 175 1
700 175 1
99 179 1
592 179 1
730 179 1
656 180 1
686 180 1
624 182 1
706 182 1
315 184 1
330 185 1
395 185 1
616 185 1
568 187 1
591 187 1
379 190 1
679 190 1
126 192 1
120 194 1
417 194 1
497 195 1
94 198 1
343 201 1
716 201 1
140 202 1
27 203 1
359 204 1
450 205 1
559 206 1
588 206 1
504 210 1
132 214 1
435 216 1
687 216 1
643 218 1
100 223 1
594 224 1
611 224 1
165 227 1
716 233 1
183 234 1
118 235 1
537 240 1
220 287 1
317 357 1
717 146 2
470 148 2
301 149 2
346 149 2
445 149 2
538 149 2
641 150 2
426 153 2
514 153 2
454 154 2
61 156 2
235 156 2
502 156 2
711 156 2
266 160 2
253 161 2
641 161 2
79 165 2
283 171 2