557 195 1
518 196 1
497 199 1
578 199 1
609 200 1
207 201 1
286 201 1
646 201 1
327 202 1
571 202 1
349 204 1
528 205 1
690 206 1
228 207 1
491 207 1
143 208 1
663 209 1
94 210 1
554 210 1
634 210 1
338 213 1
381 213 1
239 214 1
604 214 1
707 214 1
192 215 1
288 217 1
641 218 1
56 219 1
134 219 1
754 219 1
413 220 1
721 220 1
580 221 1
312 222 1
683 222 1
425 224 1
364 225 1
267 227 1
469 227 1
623 227 1
734 232 1
757 234 1
500 235 1
172 236 1
705 237 1
231 238 1
123 243 1
326 243 1
369 243 1
591 249 1
534 252 1
383 259 1
10 260 1
475 264 1
322 277 1
177 283 1
39 301 1
505 318 1
341 339 1
99 368 1
76 171 2
267 180 2
437 180 2
548 181 2
385 184 2
522 184 2
203 185 2
164 187 2
242 187 2
120 188 2
307 189 2
477 189 2
504 189 2
341 190 2