507 229 1
480 231 1
551 232 1
443 234 1
627 234 1
157 235 1
575 235 1
680 235 1
106 236 1
689 236 1
321 237 1
197 238 1
503 238 1
542 239 1
599 239 1
621 239 1
737 239 1
302 240 1
772 240 1
474 241 1
566 241 1
695 241 1
730 241 1
163 242 1
270 242 1
666 242 1
131 243 1
815 244 1
67 245 1
787 245 1
848 245 1
114 246 1
705 246 1
882 246 1
619 247 1
737 247 1
932 247 1
606 248 1
470 249 1
843 249 1
943 249 1
997 249 1
224 250 1
969 250 1
315 251 1
352 251 1
771 251 1
798 253 1
827 253 1
907 253 1
929 253 1
593 254 1
627 254 1
855 254 1
713 255 1
93 256 1
158 256 1
677 256 1
653 257 1
979 257 1
416 258 1
915 258 1
459 262 1
478 262 1
493 262 1
563 263 1
960 265 1
114 268 1
255 270 1
308 270 1
635 270 1
429 273 1
19 276 1
732 276 1
847 276 1
477 282 1
251 285 1
217 287 1
671 289 1
532 292 1
822 296 1
102 302 1
802 302 1
934 311 1
489 320 1
67 324 1
647 335 1
845 336 1
538 363 1
139 372 1
350 373 1
816 388 1
51 173 2
314 211 2
521 230 2