270 633 1
384 637 1
1290 645 1
2156 670 1
1160 673 1
1769 681 1
1669 685 1
1359 688 1
2223 690 1
172 697 1
319 701 1
1254 709 1
3491 709 1
905 715 1
1809 722 1
1903 727 1
2958 732 1
823 738 1
3811 738 1
3224 770 1
1314 780 1
1586 780 1
2871 783 1
1509 784 1
1877 794 1
3538 803 1
882 815 1
3231 827 1
349 839 1
1155 846 1
1515 851 1
2810 869 1
3314 869 1
970 874 1
1343 874 1
2704 880 1
192 881 1
3402 886 1
29 895 1
166 934 1
3728 934 1
2337 951 1
3284 963 1
1085 997 1
2858 999 1
2246 1018 1
887 1027 1
290 1040 1
3211 1046 1
2775 1058 1
2071 1073 1
3024 1135 1
113 1152 1
2373 1200 1
3473 1259 1
2189 1312 1
2655 1403 1
3475 1439 1
1800 1458 1
1213 1590 1
343 1774 1
2373 1780 1
669 1898 1
3474 1945 1
2182 2065 1
2921 372 2
3006 378 2
2719 403 2
2982 413 2
2019 414 2
1680 419 2
753 434 2
1533 438 2
2699 449 2
1479 466 2
1822 466 2
768 467 2
1598 472 2
1314 478 2
1941 484 2
1239 488 2
687 492 2
1737 500 2
1136 502 2
982 508 2
777 517 2
3360 518 2
2941 519 2
3539 546 2
491 549 2
3814 563 2
2082 605 2
545 826 2