17 168 1
36 170 1
20 171 1
4 173 1
47 173 1
75 173 1
11 191 1
94 192 1
103 193 1
189 198 1
272 200 1
214 202 1
338 203 1
20 204 1
222 204 1
351 204 1
368 206 1
258 207 1
324 207 1
383 207 1
356 209 1
275 210 1
195 211 1
142 213 1
360 214 1
470 217 1
386 218 1
453 218 1
571 218 1
205 223 1
15 224 1
38 224 1
543 224 1
399 227 1
495 229 1
381 238 1
444 239 1
667 243 1
304 251 1
479 261 1
380 282 1
92 293 1
135 294 1
222 339 1
102 171 2
169 173 2
117 174 2
127 175 2
133 175 2
184 175 2
288 185 2
298 185 2
325 185 2
319 186 2
440 194 2
522 198 2
507 201 2
622 204 2