525 248 1
514 249 1
366 200 2
282 201 2
342 203 2
389 203 2
304 204 2
379 204 2
471 204 2
536 204 2
395 205 2
436 205 2
442 205 2
480 205 2
267 206 2
290 206 2
335 206 2
352 206 2
583 206 2
322 207 2
489 207 2
526 207 2
216 208 2
367 208 2
430 208 2
507 208 2
513 208 2
546 208 2
552 208 2
570 208 2
580 208 2
205 209 2
456 209 2
463 209 2
194 210 2
420 210 2
533 210 2
403 211 2
412 211 2
129 212 2
172 212 2
321 212 2
494 212 2
233 215 2
148 216 2
165 216 2
245 216 2
274 216 2
137 218 2
86 222 2
257 225 2
445 225 2