430 89 1
391 91 1
471 93 1
496 93 1
296 95 1
449 95 1
413 96 1
426 100 1
504 101 1
230 105 1
358 106 1
204 108 1
193 109 1
216 109 1
379 110 1
292 111 1
323 111 1
366 114 1
119 115 1
144 116 1
539 116 1
567 117 1
100 118 1
507 118 1
424 119 1
166 120 1
455 121 1
135 122 1
406 124 1
469 127 1
715 130 1
633 131 1
570 132 1
384 134 1
757 134 1
530 135 1
735 140 1
830 145 1
198 147 1
336 150 1
364 161 1
173 162 1
292 166 1
474 167 1
768 168 1
588 169 1
533 171 1
689 173 1
309 178 1
234 181 1
754 184 1
856 193 1
623 198 1
217 205 1
447 207 1
368 219 1
257 220 1
509 228 1
779 232 1
416 244 1
859 263 1
9 292 1
195 298 1
331 305 1
309 367 1
475 390 1
800 427 1
775 28 2
243 93 2
285 224 2