8 108 1
60 110 1
48 111 1
77 111 1
86 111 1
12 112 1
20 112 1
65 112 1
132 112 1
69 114 1
92 114 1
34 115 1
57 115 1
108 115 1
140 115 1
213 115 1
77 116 1
151 116 1
89 117 1
232 117 1
235 117 1
312 117 1
283 118 1
286 118 1
124 119 1
201 119 1
215 119 1
174 120 1
184 120 1
255 120 1
261 121 1
270 121 1
69 122 1
19 124 1
314 124 1
40 125 1
304 125 1
127 132 1
93 133 1
230 133 1
292 134 1
49 135 1
197 138 1
40 143 1
141 146 1
286 149 1
167 154 1
274 158 1
123 161 1
256 177 1
32 196 1
208 218 1
34 102 2
72 102 2
183 102 2
216 102 2
453 104 2
423 105 2
488 106 2
342 107 2
323 108 2
383 108 2
297 109 2
360 110 2