825 239 1
898 239 1
750 242 1
527 243 1
674 243 1
1092 244 1
992 245 1
347 246 1
364 246 1
1018 246 1
1105 246 1
464 248 1
509 248 1
708 248 1
1009 248 1
1052 248 1
327 249 1
827 249 1
1119 251 1
295 252 1
553 254 1
680 254 1
707 254 1
853 256 1
283 257 1
313 257 1
817 257 1
872 258 1
381 259 1
726 260 1
1142 260 1
841 261 1
519 262 1
327 263 1
743 263 1
454 264 1
888 264 1
906 264 1
1176 264 1
417 265 1
872 265 1
954 265 1
1053 265 1
223 266 1
1107 267 1
1124 267 1
437 269 1
514 269 1
669 269 1
552 271 1
641 271 1
727 271 1
245 273 1
676 273 1
289 274 1
214 275 1
944 275 1
135 276 1
386 276 1
313 277 1
1197 277 1
759 278 1
513 279 1
736 279 1
1107 280 1
699 281 1
1251 281 1
427 282 1
453 282 1
495 283 1
538 285 1
891 285 1
1174 286 1
1214 286 1
1241 286 1
241 287 1
616 287 1
1006 287 1
1125 287 1
378 288 1
658 288 1
747 289 1
505 292 1
634 292 1
407 294 1
708 294 1
990 294 1
481 295 1
259 296 1
122 298 1
670 299 1
99 304 1
364 304 1
234 305 1
133 306 1
1224 306 1
1031 307 1
403 309 1
925 309 1
1258 309 1
754 311 1
1071 313 1
697 314 1
937 314 1
615 317 1
1248 317 1
18 318 1
627 319 1
1085 320 1
315 321 1
73 323 1
121 328 1
752 329 1
350 330 1
291 332 1
1082 332 1
86 340 1
1018 340 1
416 342 1
1385 345 1
304 347 1
1443 350 1
1170 352 1
1116 354 1
640 355 1
1376 355 1
792 356 1
1081 357 1
1202 364 1
1026 367 1
611 369 1
973 371 1
191 372 1
354 372 1
697 372 1
1418 372 1
405 377 1
798 378 1
150 381 1
1174 381 1
1214 381 1
1514 381 1
1576 386 1
1107 388 1
369 391 1
608 391 1
688 400 1
749 402 1
982 402 1
191 410 1
265 414 1
1253 460 1
1476 463 1
806 464 1
619 473 1
1205 479 1
1358 479 1
712 484 1
894 484 1
124 491 1
562 507 1
1531 511 1
265 518 1
886 518 1
1234 525 1
1595 536 1
537 539 1
1267 559 1
204 563 1
858 570 1
1438 575 1
503 579 1
757 600 1
606 616 1
13 619 1
855 225 2
875 228 2
913 228 2
934 231 2
653 240 2
475 241 2
1032 241 2
1076 242 2
258 243 2
1165 251 2
1432 258 2
1158 265 2
927 268 2
6 273 2
194 277 2
45 290 2
153 290 2
452 299 2