852 306 1
798 310 1
869 320 1
804 331 1
623 344 1
833 357 1
860 387 1
604 392 1
634 394 1
632 410 1
624 437 1
985 571 1
1169 583 1
1231 601 1
1320 608 1
994 615 1
842 620 1
714 626 1
1111 630 1
548 636 1
1211 640 1
737 642 1
1409 654 1
1294 662 1
527 673 1
927 677 1
704 682 1
1491 696 1
537 711 1
1334 711 1
523 740 1
689 754 1
944 758 1
524 774 1
1163 779 1
961 796 1
1553 798 1
1394 829 1
1222 833 1
711 879 1
1079 888 1
508 898 1
1528 902 1
1220 904 1
508 945 1
749 954 1
1022 980 1
1089 1020 1
1370 1026 1
564 1033 1
776 1058 1
942 268 2
955 274 2
517 281 2
496 297 2
443 299 2
390 302 2
302 303 2
1214 303 2
412 306 2
1014 306 2
1107 311 2
948 312 2
433 314 2
1128 314 2
727 319 2
250 321 2
305 322 2
1061 325 2
290 327 2
838 327 2
221 333 2
278 333 2
1161 333 2
988 337 2
886 339 2
1011 343 2
815 344 2
1038 361 2
997 368 2
830 384 2
921 384 2
1167 400 2
194 411 2
237 412 2
1004 421 2
363 455 2
90 459 2
185 462 2
263 462 2
163 465 2
281 472 2
84 489 2
212 498 2
163 505 2
1229 506 2
1387 520 2
268 528 2
1488 537 2
1460 545 2
183 574 2
1491 592 2
1017 636 2
66 637 2
181 651 2
1145 655 2
100 677 2
22 695 2
631 730 2