811 277 1
745 286 1
289 292 1
374 293 1
333 296 1
755 298 1
607 299 1
241 303 1
470 303 1
892 303 1
393 305 1
569 305 1
205 306 1
535 309 1
623 309 1
444 311 1
662 312 1
281 313 1
831 319 1
461 325 1
253 328 1
560 328 1
285 335 1
387 335 1
8 338 1
901 338 1
154 349 1
784 351 1
627 356 1
945 360 1
237 367 1
653 395 1
923 402 1
42 433 1
17 464 1
256 466 1
43 232 2
470 242 2
429 245 2
608 247 2
911 251 2
263 252 2
868 252 2
317 255 2
664 257 2
715 257 2
227 258 2
196 260 2
289 260 2
149 263 2
170 263 2
396 264 2
943 264 2
355 266 2
91 270 2
190 271 2
135 279 2
84 280 2
557 283 2
111 284 2