310 220 1
425 220 1
316 221 1
284 231 1
257 232 1
277 232 1
364 233 1
422 233 1
197 234 1
401 234 1
176 235 1
334 235 1
448 235 1
316 236 1
350 236 1
466 236 1
14 237 1
122 238 1
401 238 1
408 239 1
157 240 1
203 240 1
323 240 1
364 240 1
24 241 1
58 241 1
242 241 1
83 242 1
176 242 1
15 243 1
346 243 1
139 244 1
368 244 1
108 245 1
288 245 1
66 246 1
460 248 1
80 252 1
26 253 1
55 256 1
380 256 1
439 257 1
154 258 1
205 260 1
9 261 1
254 261 1
116 262 1
411 264 1
71 270 1
237 270 1
366 272 1
245 281 1
326 281 1
140 284 1
24 286 1
46 289 1
186 289 1
102 292 1
166 314 1
270 317 1
257 212 2
328 212 2
535 212 2
191 213 2
265 213 2
427 213 2
467 213 2
93 214 2
179 214 2
209 214 2
223 214 2
288 214 2
186 215 2
279 215 2
369 215 2
4 216 2
37 216 2
105 216 2
236 216 2
352 216 2
391 216 2
47 217 2
71 217 2
366 217 2
413 217 2
120 218 2
408 218 2
26 219 2
57 219 2
84 219 2
136 219 2
475 219 2
130 220 2
77 221 2
107 221 2
540 226 2
505 227 2
529 247 2
446 295 2