296 269 1
357 273 1
424 274 1
230 277 1
332 278 1
453 278 1
291 279 1
385 280 1
492 280 1
616 280 1
77 281 1
338 281 1
273 282 1
471 283 1
665 283 1
180 284 1
215 284 1
435 284 1
234 287 1
596 287 1
699 288 1
721 288 1
121 289 1
580 289 1
709 290 1
167 292 1
639 292 1
543 298 1
516 299 1
586 299 1
761 299 1
614 302 1
444 305 1
688 308 1
676 313 1
55 316 1
642 316 1
762 316 1
534 320 1
627 331 1
338 334 1
453 335 1
760 341 1
562 371 1
711 400 1
742 416 1
530 486 1
5 488 1
189 499 1
461 252 2
499 253 2