600 204 1
553 206 1
648 207 1
437 209 1
569 214 1
629 214 1
720 216 1
817 217 1
405 218 1
510 218 1
772 218 1
445 219 1
487 219 1
601 219 1
679 220 1
535 221 1
937 221 1
421 222 1
332 223 1
358 223 1
863 223 1
433 224 1
1099 224 1
495 225 1
475 226 1
196 228 1
237 228 1
159 231 1
701 231 1
915 231 1
303 233 1
1068 233 1
376 235 1
390 235 1
457 235 1
817 235 1
856 235 1
360 237 1
176 238 1
944 238 1
880 239 1
146 240 1
344 241 1
166 243 1
324 243 1
487 244 1
190 245 1
624 245 1
554 247 1
227 250 1
207 251 1
593 254 1
731 258 1
430 260 1
1034 261 1
805 263 1
655 268 1
360 271 1
534 277 1
477 281 1
606 288 1
892 288 1
1149 290 1
677 301 1
1123 317 1
801 318 1
946 364 1
593 175 2
880 179 2
689 182 2
776 183 2
284 184 2
543 185 2
703 185 2
1135 185 2
365 187 2
550 187 2
745 187 2
923 187 2
527 188 2
622 188 2
480 189 2
575 189 2
729 190 2
804 190 2
1094 190 2
849 191 2
989 194 2
328 199 2
1039 199 2
1170 204 2
123 210 2
57 212 2