358 662 1
1552 671 1
451 675 1
579 675 1
580 675 1
968 676 1
1026 677 1
1163 677 1
1439 677 1
294 678 1
718 679 1
1145 679 1
941 680 1
1314 680 1
1525 680 1
910 682 1
1195 682 1
1236 682 1
1261 682 1
1297 682 1
271 683 1
325 683 1
624 684 1
840 684 1
800 685 1
888 685 1
952 685 1
645 686 1
1493 687 1
251 688 1
393 689 1
859 689 1
1218 690 1
975 691 1
1142 691 1
753 693 1
234 695 1
429 698 1
1573 698 1
502 699 1
932 699 1
1399 700 1
1595 702 1
806 703 1
846 704 1
659 706 1
553 709 1
288 710 1
959 717 1
987 717 1
227 719 1
1168 720 1
1362 720 1
1197 724 1
1313 724 1
1451 725 1
933 726 1
737 730 1
893 732 1
826 738 1
564 741 1
622 748 1
1082 751 1
375 785 1
83 787 1
743 874 1
598 903 1
1418 971 1
151 629 2
60 634 2
382 639 2
679 639 2
1204 644 2
301 647 2
84 649 2
551 652 2
995 653 2
1396 656 2
1375 660 2
1356 661 2
1080 662 2
597 665 2