405 171 1
497 171 1
355 173 1
155 175 1
321 175 1
53 176 1
178 177 1
372 177 1
481 177 1
190 178 1
441 178 1
553 178 1
585 178 1
423 179 1
65 180 1
606 181 1
229 182 1
515 182 1
255 183 1
457 184 1
570 184 1
387 186 1
493 186 1
199 189 1
657 190 1
77 191 1
292 191 1
307 192 1
43 193 1
111 194 1
425 195 1
627 195 1
242 197 1
349 197 1
577 198 1
279 199 1
537 199 1
459 210 1
164 211 1
107 224 1
152 226 1
604 227 1
665 241 1
449 243 1
541 244 1
260 250 1
297 263 1
615 270 1
395 291 1
477 321 1
589 335 1
29 111 2
124 123 2
315 135 2
86 137 2
262 137 2
226 139 2
391 140 2
169 141 2
357 143 2