157 5 2
471 5 2
526 7 2
42 9 2
109 11 2
224 11 2
344 15 2
281 16 2
396 16 2
561 16 2
626 21 2
222 29 2
352 30 2
407 35 2
305 38 2
461 41 2
513 43 2
228 59 2
372 63 2
309 65 2
163 70 2
98 76 2
535 81 2
42 83 2
369 83 2
599 84 2
167 89 2
255 95 2
309 99 2
431 102 2
105 104 2
170 110 2
223 118 2
295 120 2
550 120 2
369 121 2
489 123 2
41 127 2
515 142 2
629 147 2
581 151 2
346 152 2
230 157 2
462 158 2
103 161 2
401 163 2
287 168 2
172 170 2
463 206 2
66 210 2
400 211 2
335 215 2
199 225 2
256 231 2
629 231 2
571 235 2
140 237 2
305 240 2
89 245 2
375 250 2
486 251 2
28 254 2
243 264 2
421 268 2
182 275 2
308 275 2
598 288 2