474 219 1
433 221 1
441 222 1
404 223 1
461 223 1
427 225 1
483 229 1
499 230 1
403 231 1
436 231 1
471 235 1
509 236 1
459 237 1
499 243 1
337 247 1
349 248 1
365 251 1
247 253 1
275 253 1
395 253 1
433 256 1
486 256 1
197 260 1
290 261 1
379 264 1
111 267 1
165 284 1
323 289 1
61 315 1
243 322 1
314 331 1
132 368 1
267 374 1
188 413 1
234 181 2
654 192 2
316 195 2
357 196 2
24 203 2
210 203 2
268 204 2
384 204 2
413 204 2
451 205 2
508 206 2
541 207 2
160 208 2
575 208 2
172 209 2
311 209 2
303 211 2
631 213 2
49 214 2
519 214 2
607 215 2
553 218 2
111 221 2
139 222 2
677 223 2
187 229 2
85 230 2
574 246 2
679 254 2