610 115 1
530 119 1
520 122 1
557 122 1
593 122 1
494 124 1
540 126 1
432 127 1
460 127 1
480 127 1
407 128 1
525 129 1
572 129 1
469 130 1
349 132 1
424 133 1
388 134 1
441 134 1
481 134 1
295 137 1
304 137 1
219 138 1
290 138 1
378 140 1
451 141 1
520 141 1
559 141 1
256 142 1
390 142 1
237 144 1
244 144 1
583 144 1
610 144 1
339 145 1
535 145 1
355 146 1
490 146 1
404 149 1
417 151 1
438 151 1
276 152 1
304 152 1
477 154 1
325 158 1
504 160 1
575 164 1
613 165 1
343 170 1
362 175 1
380 178 1
451 178 1
216 117 2
21 118 2