904 348 1
965 348 1
723 351 1
998 352 1
655 353 1
694 355 1
837 355 1
1394 355 1
948 356 1
1103 357 1
610 358 1
676 358 1
587 361 1
825 361 1
902 361 1
1226 361 1
816 363 1
1003 363 1
1036 363 1
1157 364 1
1355 364 1
533 367 1
604 367 1
750 367 1
959 367 1
973 367 1
1117 368 1
488 370 1
654 370 1
708 370 1
1072 372 1
1278 373 1
666 376 1
560 378 1
1290 378 1
425 380 1
930 381 1
1104 382 1
410 383 1
499 383 1
1492 383 1
684 384 1
872 384 1
482 387 1
1365 387 1
312 389 1
364 391 1
906 391 1
594 392 1
633 393 1
224 394 1
1399 394 1
1029 396 1
841 402 1
992 402 1
447 403 1
1133 404 1
1225 404 1
1278 405 1
126 406 1
1430 408 1
1069 409 1
953 410 1
181 412 1
483 413 1
250 415 1
381 417 1
9 423 1
767 430 1
845 434 1
1314 434 1
671 435 1
1188 438 1
1138 439 1
65 441 1
225 441 1
917 441 1
1396 452 1
933 455 1
639 459 1
814 464 1
552 466 1
410 469 1
712 469 1
11 472 1
1338 474 1
1080 475 1
1187 480 1
525 500 1
900 508 1
1385 538 1
1175 539 1
110 545 1
294 546 1
657 573 1
876 583 1
1123 589 1
129 643 1
1091 309 2
775 315 2
826 326 2
1179 328 2