688 299 1
82 300 1
434 305 1
129 306 1
741 312 1
375 315 1
467 315 1
295 317 1
522 317 1
667 317 1
771 317 1
11 318 1
400 318 1
418 318 1
480 318 1
305 320 1
452 320 1
629 320 1
49 321 1
434 321 1
549 321 1
501 324 1
364 326 1
353 327 1
590 327 1
649 327 1
535 331 1
737 331 1
406 332 1
153 333 1
669 333 1
513 335 1
691 341 1
91 342 1
435 344 1
872 344 1
332 350 1
144 356 1
576 357 1
752 358 1
1003 375 1
696 390 1
920 396 1
609 287 2
513 291 2
229 294 2
541 295 2
574 296 2
281 299 2
503 299 2
461 302 2
824 304 2
384 320 2