349 1406 1
1984 1417 1
1933 1421 1
465 1435 1
3125 1435 1
3397 1447 1
3808 1454 1
287 1479 1
2039 1479 1
3897 1483 1
4020 1483 1
3794 1494 1
4324 1501 1
2726 1502 1
3469 1514 1
4092 1519 1
3884 1527 1
1925 1530 1
3710 1534 1
2615 1543 1
3149 1551 1
2438 1552 1
2780 1552 1
3531 1561 1
2925 1597 1
3787 1672 1
4074 1697 1
3686 1750 1
3241 1756 1
4292 1879 1
1790 1892 1
3450 2159 1
923 938 2
108 1102 2
613 1217 2
2383 1253 2
1494 1279 2
2304 1283 2
3054 1297 2
465 1301 2
516 1301 2
2713 1316 2
2905 1316 2
3302 1316 2
1841 1319 2
2526 1337 2
1424 1341 2
3568 1347 2
2118 1366 2
4212 1366 2