376 214 1
399 217 1
445 221 1
248 232 1
234 240 1
213 246 1
454 250 1
200 252 1
384 252 1
260 253 1
408 254 1
236 256 1
503 258 1
141 262 1
392 262 1
217 267 1
476 267 1
421 272 1
513 273 1
280 275 1
388 276 1
149 277 1
199 281 1
463 281 1
35 282 1
380 286 1
477 286 1
519 287 1
247 288 1
101 291 1
536 291 1
597 291 1
430 292 1
2 293 1
226 295 1
175 297 1
62 301 1
367 303 1
595 309 1
552 310 1
427 321 1
503 325 1
349 328 1
32 336 1
92 340 1
580 346 1
321 207 2
420 208 2
430 209 2
458 210 2
478 210 2
490 210 2
412 211 2
353 212 2
436 213 2
339 215 2
288 221 2
516 226 2
532 228 2