1202 431 1
1075 478 1
1187 486 1
946 493 1
680 503 1
547 516 1
312 532 1
168 545 1
475 197 2
1962 197 2
576 200 2
1905 232 2
1964 243 2
1846 244 2
198 255 2
809 267 2
1221 272 2
1839 273 2
1696 274 2
1130 279 2
1593 279 2
1481 282 2
1888 284 2
1301 285 2
1377 288 2
1017 292 2
1558 293 2
1648 296 2
1942 298 2
1701 301 2
1134 303 2
1341 304 2
951 314 2
655 318 2
1760 322 2
1401 323 2
1828 344 2
1174 345 2
1083 349 2
1449 352 2
1495 355 2
1887 360 2
1971 366 2
1536 373 2
1615 379 2
1668 385 2
1764 397 2
1795 423 2
1813 453 2
1833 468 2
1466 519 2
1521 526 2
1976 526 2
1916 531 2
1684 542 2
1756 542 2
1801 543 2
1593 544 2
1884 560 2
1200 580 2
1637 584 2
462 601 2
1592 610 2
90 611 2
1349 617 2
413 624 2
1212 627 2
1479 637 2
925 646 2
243 650 2
790 650 2
1091 653 2
1231 653 2
1349 663 2
305 672 2
935 672 2
785 676 2
1687 677 2
1893 695 2
1614 708 2
1766 723 2
1914 735 2
1958 744 2
276 751 2
54 754 2
1191 758 2
1419 763 2
987 777 2
732 790 2
1779 806 2
1919 829 2
1591 847 2
702 849 2
1204 852 2
1430 854 2
15 861 2
931 861 2
214 865 2
745 894 2
1684 900 2
1238 923 2
54 940 2
1048 966 2
1505 982 2
745 1018 2
1606 1020 2
1091 1041 2
1352 1041 2
1848 1041 2
1245 1119 2
1616 1119 2
702 1201 2