337 174 1
645 179 1
364 185 1
316 186 1
864 187 1
666 188 1
922 188 1
937 188 1
891 189 1
978 192 1
343 193 1
386 194 1
744 194 1
309 195 1
379 196 1
862 196 1
911 196 1
687 197 1
718 197 1
431 198 1
964 198 1
671 199 1
656 201 1
823 201 1
605 202 1
698 203 1
940 203 1
393 205 1
451 206 1
855 206 1
757 208 1
691 212 1
677 213 1
324 214 1
648 215 1
356 217 1
594 217 1
896 217 1
415 218 1
920 218 1
818 219 1
694 221 1
723 236 1
274 245 1
898 247 1
339 251 1
381 252 1
239 260 1
808 260 1
280 285 1
377 323 1
626 348 1
197 357 1
770 424 1
45 447 1
440 566 1
21 585 1
815 598 1
494 165 2
697 165 2
812 167 2
460 168 2
625 169 2
443 171 2
550 171 2
633 171 2
847 173 2
697 176 2
510 191 2
626 198 2
511 251 2