627 273 1
501 277 1
604 283 1
633 283 1
534 285 1
43 286 1
567 292 1
444 295 1
795 297 1
228 298 1
484 299 1
681 303 1
288 304 1
318 308 1
414 309 1
655 310 1
916 311 1
877 319 1
132 324 1
745 328 1
280 329 1
47 337 1
401 344 1
373 408 1
84 220 2
538 233 2
871 236 2
243 237 2
779 237 2
797 237 2
925 238 2
575 239 2
385 240 2
806 240 2
824 240 2
371 241 2
511 241 2
530 241 2
637 241 2
348 242 2
355 242 2
666 242 2
466 243 2
908 243 2
679 244 2
695 244 2
741 244 2
849 245 2
895 245 2
949 245 2
141 247 2
418 247 2
615 247 2
757 247 2
719 249 2
514 251 2