582 153 1
30 154 1
688 154 1
702 154 1
554 155 1
577 155 1
728 155 1
598 157 1
566 158 1
739 159 1
500 160 1
521 160 1
678 160 1
716 160 1
18 161 1
299 163 1
319 163 1
377 163 1
445 163 1
489 163 1
254 164 1
269 164 1
459 164 1
631 165 1
336 166 1
403 166 1
476 166 1
531 166 1
566 166 1
589 166 1
66 168 1
83 168 1
283 168 1
15 169 1
389 169 1
133 170 1
348 170 1
365 170 1
514 171 1
442 173 1
99 174 1
145 174 1
304 174 1
403 174 1
21 175 1
168 179 1
48 182 1
563 182 1
69 184 1
618 186 1
476 192 1
587 192 1
706 193 1
91 194 1
196 196 1
538 196 1
266 197 1
128 198 1
250 198 1
442 199 1
227 210 1
373 210 1
206 213 1
298 249 1
377 265 1
580 266 1
421 133 2
510 135 2
230 137 2
250 138 2
546 138 2
444 142 2
143 144 2
389 144 2
155 145 2
435 145 2
492 145 2
557 145 2
450 146 2
471 146 2
106 147 2
166 147 2
195 149 2
243 149 2
118 150 2
173 150 2
262 150 2
135 151 2