83 208 1
247 210 1
663 214 1
57 215 1
112 217 1
182 218 1
789 220 1
281 226 1
448 226 1
151 227 1
203 228 1
425 229 1
685 230 1
372 231 1
485 231 1
699 232 1
326 235 1
715 235 1
742 147 2
33 164 2
140 180 2
196 180 2
250 180 2
66 182 2
323 185 2
433 185 2
297 186 2
450 186 2
183 187 2
207 188 2
260 188 2
389 188 2
462 188 2
537 189 2
104 191 2
380 191 2
356 192 2
567 193 2
582 195 2
412 196 2
432 197 2
499 197 2
401 198 2
507 198 2
342 199 2
550 200 2
456 203 2
656 206 2
469 207 2
613 209 2
632 215 2
686 215 2
718 223 2