997 319 1
1104 321 1
748 323 1
875 324 1
933 325 1
1019 325 1
651 327 1
1103 327 1
1153 327 1
676 328 1
689 329 1
1078 329 1
904 330 1
713 331 1
807 331 1
1167 331 1
774 332 1
844 332 1
919 332 1
980 332 1
1000 332 1
617 336 1
682 336 1
1092 336 1
583 337 1
756 337 1
825 337 1
605 340 1
527 343 1
485 344 1
743 344 1
658 346 1
502 348 1
879 350 1
709 351 1
338 356 1
361 356 1
1156 356 1
533 357 1
845 357 1
729 360 1
294 363 1
385 363 1
580 363 1
1090 369 1
245 373 1
193 375 1
960 379 1
426 383 1
914 389 1
1184 393 1
32 400 1
577 405 1
265 416 1
596 458 1
103 460 1
905 535 1
681 302 2
823 310 2