370 357 1
384 360 1
470 376 1
307 377 1
151 378 1
179 378 1
269 378 1
316 378 1
324 379 1
162 380 1
171 380 1
261 380 1
293 380 1
254 381 1
425 381 1
449 381 1
116 382 1
395 382 1
514 382 1
85 383 1
331 383 1
463 383 1
381 384 1
437 384 1
554 384 1
137 385 1
298 385 1
315 385 1
408 385 1
419 385 1
483 385 1
502 385 1
275 386 1
474 386 1
548 386 1
173 387 1
533 387 1
604 387 1
97 388 1
131 388 1
268 388 1
516 388 1
161 390 1
281 390 1
446 390 1
492 390 1
153 391 1
560 391 1
78 392 1
258 392 1
480 392 1
541 392 1
147 393 1
391 393 1
419 393 1
439 394 1
610 395 1
621 395 1
637 395 1
136 396 1
466 399 1
488 399 1
431 400 1
549 400 1
403 401 1
450 404 1
657 404 1
281 405 1
307 406 1
617 406 1
643 406 1
138 413 1
438 415 1
676 417 1
292 431 1
476 352 2
19 358 2
237 358 2
693 366 2
653 367 2
676 367 2
796 368 2
358 369 2
700 370 2
650 371 2
33 373 2
62 376 2
724 385 2
580 389 2
214 397 2
777 401 2
479 431 2
540 466 2