620 216 1
680 216 1
526 234 1
422 236 1
611 239 1
469 240 1
560 243 1
145 244 1
500 245 1
711 246 1
768 246 1
663 254 1
296 255 1
61 256 1
209 256 1
834 256 1
30 257 1
335 257 1
373 257 1
602 257 1
422 259 1
555 259 1
249 261 1
924 261 1
1015 265 1
513 267 1
1128 267 1
8 268 1
476 268 1
189 270 1
801 272 1
310 276 1
731 281 1
96 283 1
876 285 1
1004 285 1
667 286 1
1123 288 1
763 292 1
348 296 1
903 307 1
1051 315 1
476 318 1
161 321 1
560 336 1
187 354 1
691 354 1
247 356 1
389 388 1
802 392 1
540 430 1
522 176 2
697 179 2
789 179 2
944 181 2
588 182 2
683 191 2
718 193 2
877 199 2
1105 206 2