353 193 1
302 196 1
254 198 1
392 199 1
214 200 1
492 200 1
520 200 1
566 200 1
420 202 1
100 203 1
173 203 1
455 203 1
144 208 1
617 208 1
116 211 1
425 225 1
330 269 1
257 272 1
534 99 2
496 105 2
471 114 2
379 126 2
402 129 2
430 130 2
667 134 2
453 135 2
474 135 2
435 137 2
312 138 2
351 138 2
169 139 2
251 139 2
260 139 2
163 140 2
194 140 2
270 140 2
552 140 2
332 141 2
506 142 2
117 143 2
229 144 2
294 144 2
522 144 2
629 144 2
133 145 2
282 146 2
602 146 2
109 147 2
219 148 2
578 150 2
590 150 2
190 159 2
57 160 2
73 163 2
67 202 2
27 208 2