477 125 1
464 126 1
509 127 1
613 127 1
622 127 1
675 127 1
434 128 1
586 128 1
688 128 1
735 128 1
642 129 1
719 129 1
309 130 1
444 131 1
600 131 1
692 131 1
423 132 1
472 132 1
570 132 1
701 132 1
739 132 1
340 133 1
678 133 1
708 133 1
726 133 1
745 133 1
327 134 1
347 134 1
392 134 1
478 134 1
489 134 1
762 134 1
268 135 1
459 135 1
240 136 1
382 136 1
638 136 1
274 137 1
617 137 1
320 138 1
289 139 1
406 139 1
592 139 1
62 140 1
145 140 1
216 140 1
414 140 1
444 140 1
561 140 1
256 141 1
94 142 1
100 142 1
539 142 1
331 143 1
354 143 1
370 143 1
732 143 1
426 144 1
508 144 1
144 146 1
393 146 1
452 146 1
686 146 1
302 147 1
5 148 1
228 150 1
264 150 1
490 150 1
281 151 1
81 152 1
198 152 1
350 152 1
615 153 1
104 154 1
318 154 1
394 154 1
645 154 1
445 156 1
692 157 1
410 158 1
19 159 1
661 159 1
576 161 1
150 162 1
228 168 1
698 168 1
106 169 1
734 172 1
360 173 1
427 178 1
129 179 1
58 187 1
627 190 1
570 203 1
268 106 2
405 108 2
106 110 2
351 110 2
374 110 2
436 110 2
136 111 2
222 111 2
252 111 2
311 111 2
277 112 2
291 112 2
304 112 2
417 112 2
339 113 2
346 113 2
359 113 2
539 113 2
30 114 2
122 114 2
152 114 2
209 114 2
228 114 2
325 114 2
390 114 2
454 114 2
38 115 2
92 115 2
180 115 2
84 116 2
187 116 2
372 116 2
119 126 2