423 326 1
779 328 1
350 330 1
171 333 1
185 333 1
437 333 1
466 333 1
669 333 1
256 334 1
68 335 1
119 337 1
395 337 1
409 337 1
564 337 1
657 337 1
381 339 1
608 339 1
625 339 1
711 339 1
1068 340 1
907 343 1
363 344 1
726 344 1
936 344 1
879 345 1
1006 345 1
3 346 1
89 348 1
298 349 1
849 350 1
1145 350 1
555 351 1
757 351 1
30 352 1
313 354 1
64 356 1
1182 360 1
117 361 1
149 370 1
962 374 1
1096 376 1
498 377 1
24 379 1
95 379 1
236 382 1
1118 383 1
632 385 1
438 389 1
591 402 1
19 406 1
734 411 1
370 426 1
837 430 1
974 452 1
633 496 1
219 523 1
987 239 2
1014 258 2
495 276 2
955 281 2
272 283 2
313 283 2
788 283 2
187 287 2
552 288 2
213 291 2
229 291 2
1041 293 2
465 295 2
834 295 2
855 295 2
358 298 2
664 298 2
173 299 2
607 301 2
129 302 2
162 304 2
730 308 2