1038 162 1
1130 167 1
637 171 1
717 171 1
737 173 1
1164 174 1
395 175 1
651 177 1
791 177 1
931 180 1
226 181 1
599 184 1
426 188 1
1039 188 1
812 192 1
973 193 1
945 195 1
458 196 1
347 197 1
1026 197 1
23 198 1
106 198 1
567 200 1
1101 201 1
396 204 1
495 204 1
727 205 1
625 206 1
911 208 1
228 209 1
660 213 1
142 214 1
71 215 1
523 224 1
309 229 1
244 233 1
451 234 1
1070 235 1
387 239 1
1046 247 1
1187 249 1
52 252 1
782 253 1
407 264 1
895 267 1
631 272 1
133 274 1
516 302 1
721 312 1
208 319 1
439 345 1
974 361 1
1038 106 2
136 116 2