282 79 1
212 83 1
240 83 1
201 84 1
233 85 1
277 85 1
145 86 1
321 86 1
267 88 1
171 89 1
223 89 1
155 90 1
315 90 1
182 92 1
253 92 1
311 92 1
110 96 1
358 96 1
244 97 1
272 98 1
281 98 1
296 98 1
129 99 1
189 99 1
347 99 1
289 100 1
86 101 1
206 101 1
235 102 1
164 103 1
222 103 1
143 107 1
341 108 1
106 110 1
388 114 1
266 116 1
23 118 1
370 118 1
179 121 1
286 123 1
102 129 1
390 133 1
177 134 1
321 134 1
91 135 1
308 136 1
76 148 1
172 152 1
54 160 1
316 174 1
171 182 1
34 187 1
11 188 1
166 235 1
175 66 2
251 66 2
205 67 2
78 68 2
147 69 2
139 70 2
95 71 2
116 71 2
52 74 2
44 75 2
20 77 2
60 77 2