388 255 1
395 255 1
354 257 1
430 258 1
343 260 1
423 260 1
489 260 1
359 262 1
410 262 1
306 263 1
506 263 1
252 264 1
468 264 1
518 267 1
274 268 1
291 268 1
298 268 1
340 268 1
402 268 1
330 270 1
394 270 1
454 270 1
242 272 1
509 272 1
447 275 1
524 275 1
345 278 1
375 278 1
258 279 1
163 281 1
442 281 1
308 282 1
238 283 1
361 283 1
519 284 1
325 287 1
346 288 1
79 289 1
193 289 1
435 290 1
531 294 1
412 295 1
158 297 1
510 297 1
103 301 1
435 302 1
298 303 1
526 313 1
269 316 1
371 316 1
24 318 1
208 318 1
397 323 1
536 337 1
151 344 1
352 369 1
554 369 1
613 432 1
211 236 2
509 238 2
571 244 2
588 247 2
575 248 2
581 248 2
618 252 2
600 253 2
631 253 2