17 917 1
1168 921 1
1372 941 1
1150 942 1
272 949 1
444 953 1
1045 953 1
972 958 1
1487 961 1
530 967 1
429 969 1
1403 969 1
1438 971 1
996 975 1
342 976 1
1547 977 1
2113 977 1
388 979 1
289 983 1
530 983 1
715 984 1
1391 987 1
2390 987 1
591 989 1
839 989 1
2288 993 1
2173 995 1
2530 995 1
1839 999 1
719 1010 1
86 1029 1
856 1034 1
345 1035 1
909 1084 1
477 1092 1
886 1201 1
554 1216 1
620 1434 1
742 863 2
631 866 2
723 866 2
456 871 2
580 883 2
1303 891 2
588 894 2
464 895 2
1951 898 2
509 899 2
786 899 2
532 903 2
2019 907 2
1521 939 2
1092 956 2
1411 1305 2