917 309 1
825 310 1
924 310 1
1719 311 1
425 316 1
1204 319 1
1116 320 1
1314 323 1
1164 326 1
1732 326 1
1759 326 1
1460 331 1
1059 332 1
1440 333 1
283 335 1
1081 338 1
144 342 1
167 346 1
1381 347 1
1828 350 1
1337 351 1
78 355 1
757 355 1
818 358 1
666 367 1
1902 368 1
460 371 1
1051 371 1
233 374 1
994 384 1
1340 387 1
615 389 1
1285 399 1
859 403 1
449 414 1
617 418 1
759 425 1
1178 427 1
1907 450 1
1117 463 1
949 522 1
826 268 2
842 274 2
1460 280 2
1589 280 2
1320 282 2
1333 282 2
1412 282 2
1432 282 2
537 283 2
1112 283 2
991 284 2
1266 284 2
1732 284 2
1540 285 2
328 286 2
1135 286 2
1153 286 2
1218 286 2
1390 286 2
1055 288 2
1303 289 2
907 290 2
1095 290 2
1619 293 2