218 88 1
170 90 1
227 90 1
142 97 1
183 98 1
210 98 1
57 99 1
124 100 1
202 100 1
46 101 1
98 101 1
265 102 1
147 104 1
224 104 1
87 105 1
238 105 1
115 106 1
331 106 1
391 106 1
477 106 1
190 107 1
244 108 1
339 109 1
362 109 1
494 109 1
103 110 1
207 110 1
294 110 1
322 111 1
50 112 1
356 112 1
260 113 1
58 114 1
430 118 1
440 119 1
152 120 1
454 120 1
61 121 1
122 122 1
179 123 1
297 124 1
282 125 1
365 126 1
83 127 1
342 128 1
257 129 1
210 132 1
197 139 1
279 142 1
316 97 2
134 101 2
30 103 2
284 103 2
412 126 2
387 128 2