166 365 1
388 366 1
339 370 1
457 374 1
436 379 1
274 380 1
508 381 1
385 383 1
416 383 1
208 386 1
222 388 1
337 388 1
634 388 1
716 389 1
735 391 1
762 391 1
471 392 1
619 392 1
296 395 1
359 395 1
672 397 1
720 400 1
801 400 1
247 401 1
756 402 1
789 403 1
842 404 1
315 405 1
626 405 1
703 407 1
466 408 1
533 408 1
397 411 1
741 414 1
836 414 1
917 414 1
580 417 1
361 419 1
522 419 1
868 419 1
265 420 1
960 420 1
714 422 1
434 423 1
800 423 1
773 425 1
589 430 1
1033 430 1
678 432 1
1076 432 1
889 438 1
817 439 1
972 439 1
402 443 1
935 446 1
518 447 1
727 448 1
611 451 1
973 455 1
372 460 1
294 462 1
1051 466 1
810 471 1
513 472 1
656 490 1
903 496 1
986 502 1
483 522 1
761 528 1
539 547 1
1005 562 1
463 589 1
857 602 1
673 656 1
72 321 2
83 321 2
93 323 2
275 329 2
904 366 2
974 371 2
35 375 2
1059 376 2
72 377 2