560 476 1
425 497 1
629 499 1
586 507 1
503 377 2
453 378 2
383 383 2
264 384 2
188 385 2
433 385 2
525 385 2
322 386 2
25 388 2
146 388 2
583 389 2
631 389 2
485 390 2
745 390 2
919 390 2
52 393 2
238 393 2
549 395 2
688 395 2
855 395 2
98 396 2
399 398 2
291 399 2
342 400 2
601 400 2
131 405 2
472 405 2
767 405 2
673 407 2
735 407 2
218 408 2
649 409 2
700 412 2
987 412 2
188 413 2
418 417 2
804 419 2
273 421 2
367 422 2
873 424 2
713 427 2
502 428 2
774 431 2
315 433 2
131 434 2
820 440 2
934 440 2
70 448 2
897 450 2
704 452 2
849 454 2
758 455 2