259 202 1
134 203 1
142 205 1
282 205 1
98 206 1
116 207 1
164 208 1
191 208 1
218 208 1
225 208 1
175 209 1
413 210 1
107 211 1
154 211 1
45 212 1
232 217 1
249 217 1
370 217 1
293 218 1
321 218 1
164 219 1
66 220 1
341 221 1
76 223 1
266 223 1
300 223 1
404 228 1
82 230 1
179 230 1
443 230 1
191 233 1
218 237 1
345 239 1
496 241 1
234 242 1
409 242 1
540 245 1
474 249 1
128 251 1
98 253 1
266 257 1
329 262 1
386 269 1
577 272 1
543 312 1
297 182 2
175 183 2
204 183 2
365 183 2
3 184 2
313 184 2
12 185 2
54 185 2
229 185 2
77 186 2
268 186 2
354 186 2
285 187 2
2 189 2
117 190 2
155 190 2
256 192 2
94 193 2
138 193 2
520 194 2
33 200 2
123 223 2