779 50 1
759 54 1
789 55 1
722 56 1
702 57 1
615 60 1
712 60 1
649 61 1
638 62 1
685 62 1
798 62 1
569 65 1
593 65 1
695 66 1
550 67 1
600 67 1
623 67 1
515 69 1
526 69 1
749 69 1
767 71 1
505 73 1
577 73 1
673 74 1
477 76 1
542 76 1
781 76 1
495 77 1
660 77 1
745 79 1
606 81 1
561 84 1
794 86 1
500 91 1
483 95 1
732 98 1
689 101 1
734 137 1
577 147 1
622 147 1
558 148 1
717 181 1
487 232 1
239 266 1
694 311 1
202 392 1
401 413 1
594 46 2
286 57 2
412 62 2
356 65 2
425 66 2
381 69 2
406 75 2
197 78 2
299 88 2
247 98 2
9 111 2
129 118 2