298 204 1
196 205 1
313 205 1
329 212 1
343 213 1
354 215 1
406 217 1
293 219 1
376 220 1
368 221 1
397 221 1
197 222 1
418 222 1
440 222 1
233 226 1
285 226 1
308 227 1
465 227 1
500 227 1
267 229 1
278 229 1
380 231 1
485 231 1
528 231 1
240 235 1
283 237 1
327 237 1
297 239 1
432 240 1
577 240 1
303 242 1
365 242 1
544 243 1
112 189 2
53 190 2
124 192 2
167 192 2
62 193 2
69 193 2
320 193 2
381 193 2
134 194 2
286 194 2
76 195 2
181 195 2
265 195 2
277 195 2
313 195 2
326 195 2
353 195 2
441 195 2
39 196 2
212 196 2
241 196 2
254 196 2
272 196 2
305 196 2
411 196 2
89 197 2
217 197 2
232 197 2
347 197 2
394 197 2
415 197 2
113 198 2
334 198 2
364 198 2
145 199 2
447 199 2
457 199 2
505 199 2
389 200 2
381 201 2
611 201 2
395 204 2
527 204 2
501 205 2
515 205 2
538 208 2
582 209 2
578 211 2
563 213 2
76 220 2
44 222 2
183 236 2
601 243 2
106 246 2
246 270 2