473 97 1
589 97 1
437 98 1
479 98 1
578 99 1
547 100 1
445 103 1
453 103 1
494 103 1
314 104 1
463 104 1
323 106 1
369 106 1
296 107 1
355 107 1
391 107 1
556 107 1
419 108 1
307 109 1
595 109 1
150 111 1
283 111 1
319 111 1
348 111 1
448 112 1
474 112 1
199 113 1
337 113 1
411 113 1
67 114 1
39 116 1
171 116 1
292 116 1
162 118 1
60 119 1
259 119 1
49 120 1
119 120 1
499 120 1
175 121 1
193 121 1
30 122 1
147 122 1
364 122 1
170 123 1
376 123 1
574 123 1
105 124 1
334 124 1
484 125 1
135 126 1
428 126 1
243 127 1
279 127 1
81 128 1
48 132 1
309 132 1
399 134 1
446 134 1
548 134 1
269 139 1
534 139 1
213 144 1
161 147 1
276 153 1
455 156 1
201 166 1
334 177 1
399 177 1
555 180 1
475 190 1
351 239 1
402 87 2
525 89 2
449 90 2
495 91 2
424 93 2
187 97 2
260 101 2
13 111 2