1088 66 1
1066 67 1
1101 68 1
1095 70 1
1056 72 1
1083 73 1
1041 74 1
967 75 1
1003 75 1
1026 76 1
910 78 1
1013 78 1
930 79 1
956 79 1
993 79 1
869 80 1
1072 80 1
984 81 1
915 82 1
820 84 1
846 84 1
896 84 1
929 84 1
881 86 1
751 90 1
1057 90 1
788 91 1
864 91 1
1036 91 1
704 92 1
839 92 1
814 93 1
804 95 1
948 95 1
857 96 1
683 98 1
762 98 1
889 101 1
739 103 1
797 103 1
846 103 1
728 104 1
836 106 1
770 107 1
615 112 1
651 112 1
741 112 1
967 112 1
1023 112 1
898 114 1
676 116 1
708 117 1
575 123 1
509 128 1
823 128 1
628 129 1
745 130 1
561 131 1
420 132 1
439 132 1
489 132 1
664 132 1
589 135 1
338 140 1
778 146 1
239 151 1
319 151 1
383 152 1
402 152 1
907 152 1
356 156 1
480 159 1
517 165 1
218 166 1
448 171 1
197 194 1
673 251 1
238 324 1
1013 54 2
633 68 2
545 76 2
506 79 2
539 79 2
586 79 2
98 90 2
495 92 2
250 101 2
178 102 2
322 103 2
119 121 2