697 177 1
709 182 1
713 187 1
671 188 1
735 198 1
624 201 1
427 203 1
460 208 1
585 209 1
613 215 1
275 216 1
381 216 1
496 216 1
651 216 1
720 226 1
331 231 1
256 232 1
526 233 1
445 238 1
598 242 1
686 246 1
301 260 1
252 264 1
386 270 1
175 272 1
87 282 1
616 287 1
58 293 1
492 296 1
554 307 1
306 322 1
686 326 1
238 360 1
63 363 1
508 371 1
369 383 1
87 103 2
419 123 2
392 126 2
349 130 2
330 133 2
528 134 2
373 135 2
431 136 2
456 136 2
590 139 2
291 141 2
315 141 2
253 142 2
470 142 2
32 144 2
495 144 2
572 145 2
76 147 2
708 147 2
198 148 2
534 155 2
167 158 2
349 160 2
663 161 2
239 168 2