98 109 1
104 109 1
223 110 1
244 110 1
183 111 1
127 112 1
237 112 1
306 114 1
173 115 1
544 117 1
398 118 1
256 120 1
331 120 1
412 121 1
666 121 1
624 122 1
141 124 1
168 124 1
288 124 1
507 125 1
603 125 1
8 126 1
194 126 1
124 127 1
223 127 1
311 127 1
567 127 1
183 128 1
96 129 1
493 129 1
453 130 1
468 131 1
641 131 1
84 132 1
244 132 1
385 132 1
678 132 1
717 135 1
698 138 1
277 140 1
370 140 1
206 142 1
502 142 1
638 142 1
420 143 1
632 144 1
559 146 1
578 147 1
768 147 1
475 148 1
299 150 1
631 157 1
702 157 1
105 158 1
670 158 1
659 159 1
360 171 1
725 172 1
231 175 1
442 179 1
681 179 1
641 187 1
381 191 1
220 213 1
398 241 1
605 241 1
194 264 1
518 297 1
337 95 2
197 98 2
521 98 2
359 99 2
382 101 2
416 102 2
479 104 2
375 108 2
445 109 2