458 127 1
361 129 1
481 131 1
514 132 1
388 134 1
416 134 1
423 136 1
479 138 1
525 141 1
536 141 1
485 142 1
547 151 1
517 153 1
481 163 1
26 167 1
316 167 1
325 167 1
505 168 1
284 169 1
453 173 1
508 176 1
543 177 1
101 179 1
144 181 1
481 184 1
87 185 1
273 185 1
532 190 1
261 191 1
444 196 1
187 206 1
477 206 1
537 214 1
416 220 1
154 226 1
402 228 1
307 235 1
403 118 2
448 122 2
251 128 2
172 130 2
193 131 2
341 131 2
376 131 2
311 132 2
144 133 2
271 133 2
175 134 2
293 134 2
123 136 2
81 148 2
127 191 2