2943 669 1
1705 677 1
1806 680 1
2257 683 1
1636 684 1
1474 686 1
1740 686 1
2131 687 1
2382 689 1
2488 689 1
2423 690 1
2354 691 1
2455 691 1
2085 692 1
2885 692 1
1905 694 1
1940 694 1
2610 695 1
1802 696 1
1564 697 1
2019 697 1
2773 697 1
1994 700 1
2647 700 1
2206 701 1
2961 702 1
2845 709 1
1394 728 1
1801 730 1
1349 733 1
1530 737 1
2010 737 1
1653 738 1
967 739 1
2360 739 1
2524 739 1
1152 740 1
632 742 1
2149 744 1
1113 746 1
1912 750 1
1669 754 1
1550 756 1
2726 756 1
801 757 1
782 760 1
1267 761 1
1428 762 1
1048 763 1
953 766 1
2111 766 1
2237 766 1
2405 766 1
2001 810 1
1294 815 1
2223 823 1
1840 825 1
1103 830 1
1639 836 1
2073 848 1
1282 849 1
976 860 1
1490 862 1
1011 879 1
2971 906 1
2683 925 1
2599 942 1
2193 1006 1
1692 1058 1
2977 1142 1
2541 1240 1
2666 625 2
2282 631 2
1760 635 2
1964 636 2
1673 640 2
1733 642 2
1861 645 2
1645 647 2
2564 647 2
1653 648 2
1690 650 2
409 771 2