443 222 1
161 226 1
327 226 1
369 228 1
400 228 1
487 228 1
195 229 1
125 233 1
206 233 1
71 235 1
85 236 1
365 238 1
165 239 1
30 241 1
411 241 1
14 249 1
77 258 1
129 258 1
490 259 1
366 262 1
444 262 1
308 264 1
513 265 1
3 274 1
50 291 1
393 292 1
280 301 1
264 366 1
339 178 2
307 179 2
106 182 2
406 183 2
399 184 2
328 185 2
413 185 2
177 187 2
194 190 2
366 190 2
514 190 2
152 191 2
306 191 2
479 191 2
321 192 2
355 192 2
376 192 2
442 192 2
76 193 2
252 193 2
438 195 2
463 195 2
528 195 2
92 198 2
282 198 2
291 198 2
425 198 2
209 199 2
385 202 2
496 202 2
32 203 2