57 59 1
196 65 1
287 66 1
321 66 1
145 67 1
239 67 1
245 67 1
299 69 1
375 70 1
126 71 1
219 71 1
265 71 1
440 71 1
173 72 1
204 72 1
281 72 1
388 72 1
343 74 1
401 74 1
461 74 1
328 75 1
420 75 1
485 75 1
288 76 1
241 77 1
278 77 1
315 77 1
378 77 1
198 78 1
355 78 1
362 78 1
449 79 1
294 80 1
512 80 1
470 81 1
605 82 1
535 83 1
559 83 1
260 84 1
459 85 1
388 86 1
429 86 1
478 86 1
506 87 1
313 88 1
410 89 1
528 89 1
585 89 1
568 91 1
362 93 1
606 93 1
330 94 1
520 94 1
383 95 1
501 96 1
549 97 1
428 101 1
441 102 1
466 103 1
406 104 1
543 105 1
521 106 1
419 111 1
495 113 1
584 114 1
539 125 1
565 141 1
572 167 1
432 45 2
463 45 2
389 49 2
361 50 2
514 55 2
485 56 2
556 58 2