492 205 1
545 206 1
162 208 1
184 208 1
212 208 1
519 208 1
148 210 1
268 210 1
399 211 1
298 212 1
241 213 1
215 215 1
323 215 1
308 216 1
405 217 1
189 218 1
426 218 1
126 219 1
470 219 1
516 219 1
180 220 1
226 220 1
271 221 1
446 221 1
160 222 1
248 222 1
106 224 1
151 224 1
208 226 1
315 226 1
476 226 1
560 226 1
579 226 1
282 227 1
411 227 1
504 227 1
542 228 1
530 229 1
566 232 1
606 234 1
628 234 1
450 235 1
416 237 1
548 240 1
607 251 1
145 258 1
542 277 1
53 281 1
564 298 1
30 317 1
620 328 1
294 359 1
111 177 2
133 178 2
71 182 2
92 184 2
200 184 2
252 184 2
288 187 2
58 189 2
411 190 2
581 197 2
604 197 2
35 198 2