187 92 1
227 92 1
312 94 1
290 95 1
159 96 1
348 96 1
355 96 1
416 96 1
30 98 1
51 98 1
145 98 1
263 98 1
496 98 1
196 99 1
326 99 1
397 99 1
378 100 1
120 101 1
468 101 1
523 101 1
542 101 1
39 102 1
366 102 1
434 102 1
451 102 1
479 102 1
60 103 1
74 103 1
97 104 1
214 104 1
247 104 1
417 104 1
538 104 1
570 104 1
634 104 1
12 106 1
109 106 1
158 106 1
172 106 1
339 106 1
492 106 1
234 107 1
512 107 1
89 108 1
130 108 1
187 108 1
354 108 1
465 108 1
605 108 1
658 108 1
740 108 1
22 109 1
684 109 1
398 110 1
617 110 1
630 110 1
314 111 1
587 111 1
280 112 1
292 112 1
706 112 1
674 113 1
41 114 1
769 114 1
798 114 1
66 115 1
78 115 1
124 115 1
379 115 1
490 115 1
552 115 1
148 116 1
213 116 1
410 116 1
575 116 1
698 116 1
181 117 1
302 117 1
522 117 1
754 117 1
103 118 1
257 118 1
388 118 1
658 118 1
230 119 1
601 119 1
647 119 1
741 119 1
245 120 1
336 120 1
428 120 1
501 120 1
590 121 1
720 121 1
136 122 1
476 122 1
628 122 1
537 123 1
199 124 1
489 124 1
687 124 1
608 125 1
55 126 1
41 127 1
89 127 1
365 127 1
274 129 1
294 129 1
452 129 1
510 130 1
752 130 1
772 130 1
163 131 1
670 131 1
114 132 1
220 132 1
325 132 1
736 132 1
309 134 1
488 134 1
663 134 1
389 135 1
591 135 1
13 136 1
338 136 1
560 136 1
725 137 1
569 138 1
644 138 1
133 140 1
396 140 1
69 142 1
211 142 1
530 142 1
738 142 1
790 142 1
88 144 1
409 145 1
614 145 1
686 145 1
186 146 1
598 146 1
761 146 1
242 147 1
348 148 1
550 148 1
642 148 1
712 148 1
436 149 1
503 150 1
568 151 1
5 152 1
329 152 1
676 152 1
66 153 1
480 153 1
201 154 1
282 155 1
314 156 1
749 156 1
173 157 1
391 157 1
666 157 1
239 158 1
140 160 1
370 162 1
408 163 1
307 164 1
159 167 1
626 167 1
794 167 1
25 168 1
655 168 1
433 171 1
456 171 1
44 172 1
167 174 1
718 175 1
7 176 1
104 176 1
528 176 1
679 181 1
326 184 1
200 185 1
254 185 1
290 185 1
384 185 1
584 186 1
631 186 1
732 186 1
353 188 1
503 191 1
764 192 1
549 195 1
83 197 1
399 210 1
10 211 1
467 214 1
611 216 1
634 216 1
350 223 1
123 233 1
518 242 1
622 264 1
364 268 1
125 271 1
603 292 1
651 310 1
363 319 1
82 322 1
738 343 1
427 352 1
753 362 1
32 368 1
148 375 1
773 392 1
449 450 1
388 486 1
543 487 1
122 58 2
40 61 2
292 63 2
88 64 2
95 65 2
214 66 2
30 67 2
41 68 2
148 68 2
401 70 2
326 75 2
535 76 2
299 80 2