338 69 1
359 70 1
187 71 1
252 71 1
212 75 1
152 77 1
205 77 1
279 77 1
171 91 1
109 94 1
99 95 1
425 95 1
447 102 1
213 133 1
193 141 1
206 157 1
252 157 1
229 158 1
262 177 1
380 183 1
349 193 1
402 219 1
82 16 2
141 25 2
268 25 2
291 26 2
253 27 2
281 28 2
219 29 2
226 30 2
159 31 2
180 31 2
117 32 2
241 32 2
201 33 2
106 34 2
255 34 2
266 34 2
131 35 2
285 36 2
392 36 2
185 37 2
346 42 2
306 43 2
339 43 2
254 44 2
324 45 2
390 47 2
189 48 2
295 48 2
316 49 2
232 52 2
341 52 2
246 53 2
348 54 2
408 55 2
72 59 2
264 61 2
439 62 2
319 71 2
525 71 2
399 81 2
237 86 2
585 91 2
555 94 2
400 95 2
357 104 2
440 188 2
530 191 2
388 196 2
564 207 2
459 227 2
426 244 2