517 145 2
576 156 2
457 161 2
396 169 2
337 173 2
387 173 2
179 175 2
352 176 2
418 176 2
478 178 2
271 179 2
131 180 2
288 180 2
157 181 2
8 183 2
310 184 2
43 185 2
84 187 2
31 189 2
279 189 2
370 189 2
424 190 2
89 191 2
110 193 2
14 198 2
177 198 2
6 200 2
70 200 2
141 200 2
249 202 2
57 203 2
222 203 2
36 206 2
109 206 2
8 212 2
309 213 2
421 213 2
122 219 2
85 220 2
64 224 2
366 235 2
190 237 2
238 243 2
302 243 2
339 245 2
369 258 2
277 272 2
342 275 2
538 292 2
181 301 2
22 309 2
524 355 2