421 140 1
145 141 1
375 143 1
477 146 1
414 148 1
431 150 1
556 150 1
330 151 1
567 152 1
385 154 1
439 157 1
372 159 1
306 160 1
484 161 1
569 162 1
492 163 1
555 163 1
270 165 1
577 167 1
431 168 1
352 172 1
479 177 1
509 180 1
174 187 1
295 200 1
386 200 1
545 202 1
110 209 1
382 211 1
22 212 1
232 222 1
552 226 1
362 246 1
86 247 1
289 275 1
527 295 1
164 327 1
494 381 1
71 104 2
77 104 2
102 106 2
371 107 2
113 108 2
361 108 2
365 110 2
349 111 2
383 112 2
482 113 2
45 115 2
451 117 2
337 118 2
531 118 2
538 118 2
116 119 2
611 119 2
512 121 2
604 122 2
400 123 2
498 123 2
561 126 2
465 127 2
543 127 2
629 131 2
581 134 2
622 136 2
609 142 2
611 157 2
636 167 2