209 184 1
227 186 1
246 187 1
257 187 1
362 188 1
187 189 1
201 189 1
339 189 1
275 190 1
447 190 1
562 190 1
114 191 1
262 191 1
177 192 1
315 192 1
135 193 1
194 193 1
246 193 1
638 193 1
295 194 1
504 194 1
153 195 1
166 195 1
218 195 1
255 195 1
424 195 1
530 195 1
103 196 1
122 196 1
282 196 1
389 196 1
461 196 1
486 196 1
95 197 1
406 197 1
130 198 1
200 198 1
373 198 1
558 198 1
587 198 1
600 198 1
324 200 1
509 200 1
248 201 1
435 204 1
345 205 1
152 207 1
408 207 1
469 207 1
521 207 1
566 207 1
191 208 1
371 208 1
490 208 1
243 210 1
460 211 1
530 211 1
108 213 1
299 215 1
323 215 1
344 221 1
259 224 1
503 226 1
206 227 1
442 227 1
152 233 1
285 242 1
360 244 1
311 284 1
154 166 2
390 166 2
500 167 2
565 168 2
235 169 2
311 169 2
317 169 2
324 169 2
490 169 2
515 169 2
537 169 2
425 170 2
466 170 2
257 171 2
411 171 2
442 171 2
174 172 2
277 172 2
386 172 2
224 173 2
300 173 2
351 174 2
196 175 2
291 175 2