59 157 1
377 161 1
464 165 1
423 170 1
389 181 1
416 183 1
463 184 1
365 185 1
507 193 1
416 195 1
543 197 1
471 201 1
565 202 1
487 210 1
403 214 1
550 263 1
493 264 1
407 273 1
371 289 1
725 302 1
625 317 1
825 326 1
308 332 1
696 364 1
321 390 1
623 127 2
707 131 2
765 134 2
404 139 2
671 139 2
425 141 2
346 142 2
377 143 2
411 143 2
465 143 2
711 143 2
243 145 2
451 146 2
283 147 2
331 147 2
269 148 2
476 148 2
645 149 2
583 150 2
826 150 2
182 151 2
259 151 2
317 151 2
660 151 2
772 152 2
291 153 2
274 157 2
573 160 2
333 162 2
141 167 2
236 172 2
170 189 2
50 191 2