235 163 1
250 163 1
268 163 1
134 164 1
20 166 1
183 166 1
632 167 1
330 168 1
291 169 1
502 169 1
107 170 1
342 170 1
703 170 1
222 171 1
169 172 1
204 172 1
426 173 1
480 173 1
761 173 1
394 174 1
524 174 1
544 174 1
154 175 1
608 175 1
358 179 1
448 179 1
628 179 1
124 180 1
243 180 1
373 180 1
28 182 1
571 182 1
230 184 1
528 185 1
659 187 1
720 187 1
11 190 1
96 190 1
690 191 1
194 192 1
601 192 1
407 202 1
477 204 1
762 215 1
152 217 1
281 222 1
205 224 1
650 230 1
505 233 1
351 236 1
399 126 2
58 128 2
317 132 2
377 135 2
344 136 2
612 136 2