713 834 1
1088 834 1
1361 857 1
1416 857 1
1712 857 1
1456 867 1
1548 867 1
722 871 1
760 871 1
821 876 1
375 881 1
535 885 1
1177 885 1
1008 890 1
591 895 1
1140 895 1
929 900 1
1274 903 1
460 904 1
20 915 1
1361 921 1
1463 923 1
1917 924 1
1573 930 1
1724 930 1
56 993 1
1970 993 1
1468 998 1
929 1012 1
2425 1021 1
2323 1023 1
2604 1048 1
1623 1050 1
2068 1054 1
2157 1077 1
3011 1087 1
150 1129 1
1163 1139 1
1885 1148 1
2650 1157 1
2350 1172 1
1327 1181 1
216 1233 1
3058 1242 1
61 1251 1
1631 1305 1
2837 1322 1
1702 1462 1
1102 693 2
99 694 2
929 698 2
1055 717 2
1229 717 2
1374 726 2
844 754 2
1252 768 2