560 96 1
548 97 1
581 99 1
625 101 1
422 104 1
532 104 1
619 105 1
136 107 1
141 107 1
584 107 1
601 107 1
202 108 1
157 109 1
357 109 1
162 111 1
401 111 1
374 112 1
531 113 1
389 114 1
637 117 1
412 119 1
443 119 1
463 120 1
154 122 1
396 122 1
289 123 1
311 124 1
177 125 1
577 126 1
327 127 1
223 128 1
199 133 1
143 134 1
615 134 1
112 137 1
400 137 1
318 138 1
2 142 1
199 150 1
156 152 1
20 205 1
570 212 1
358 225 1
210 245 1
714 247 1
85 279 1
478 36 2
712 59 2
248 74 2
666 78 2
67 82 2
468 91 2
48 95 2
179 105 2
293 107 2
83 113 2