115 136 1
96 137 1
80 143 1
106 148 1
221 149 1
278 152 1
217 153 1
503 154 1
261 155 1
265 155 1
282 155 1
541 155 1
296 156 1
320 156 1
345 156 1
522 156 1
420 158 1
302 159 1
377 159 1
171 160 1
234 160 1
308 160 1
454 160 1
469 160 1
502 160 1
229 161 1
550 161 1
284 162 1
480 162 1
597 163 1
609 163 1
572 164 1
631 164 1
323 165 1
218 168 1
372 169 1
444 170 1
84 172 1
196 174 1
522 174 1
97 177 1
347 177 1
495 177 1
125 181 1
608 192 1
184 193 1
365 193 1
565 197 1
243 206 1
295 214 1
10 218 1
465 221 1
515 224 1
701 229 1
397 234 1
587 238 1
33 267 1
62 270 1
275 277 1
707 277 1
385 290 1
97 294 1
352 136 2
364 136 2
454 136 2