2712 615 1
561 619 1
2811 621 1
456 625 1
961 546 2
1621 575 2
1861 581 2
2746 597 2
1845 599 2
2267 610 2
87 617 2
1747 631 2
1768 637 2
620 646 2
1126 646 2
1538 646 2
1637 649 2
1002 655 2
1684 659 2
1422 660 2
282 661 2
1856 664 2
1478 667 2
1373 671 2
1323 679 2
1958 681 2
1242 682 2
2874 682 2
2012 684 2
1929 685 2
1419 686 2
1591 686 2
2438 686 2
2058 689 2
2359 692 2
673 694 2
2469 701 2
117 704 2
10 710 2
2686 711 2
244 712 2
761 715 2
2121 718 2
2574 720 2
2770 722 2
967 725 2
817 726 2
1714 726 2
2206 726 2
520 732 2
905 739 2
195 745 2
115 747 2
1341 748 2
454 758 2
399 772 2
2923 777 2
1998 819 2
1832 981 2
714 1124 2
1478 1149 2
42 1297 2