1237 793 1
1108 808 1
924 849 1
111 463 2
64 469 2
95 475 2
309 477 2
167 481 2
232 481 2
43 482 2
294 483 2
55 484 2
73 484 2
215 484 2
338 485 2
620 486 2
406 487 2
103 488 2
361 488 2
437 491 2
663 491 2
553 492 2
26 493 2
121 494 2
151 494 2
302 494 2
469 498 2
166 499 2
279 499 2
632 499 2
143 501 2
243 501 2
566 501 2
22 503 2
179 506 2
445 507 2
494 507 2
347 508 2
736 508 2
245 511 2
87 512 2
295 513 2
417 515 2
783 515 2
177 519 2
375 519 2
201 521 2
277 521 2
709 522 2
835 525 2
1164 529 2
289 535 2
1007 536 2
673 538 2
692 538 2
1049 543 2
938 550 2
990 557 2
740 560 2
18 562 2
821 575 2
1095 577 2
152 578 2
756 593 2
922 599 2
191 606 2
783 619 2
1200 623 2
837 624 2
789 633 2
931 643 2