991 726 1
505 728 1
653 737 1
1035 737 1
1107 740 1
845 745 1
555 748 1
718 749 1
753 750 1
1829 751 1
1235 752 1
1477 752 1
609 756 1
1172 756 1
1145 757 1
1364 757 1
379 758 1
506 758 1
1265 760 1
1495 760 1
1516 764 1
877 765 1
948 767 1
1422 767 1
1533 767 1
453 769 1
1124 773 1
2141 773 1
2298 773 1
670 775 1
834 775 1
1838 779 1
787 781 1
2181 783 1
1069 784 1
2352 784 1
297 785 1
2102 785 1
1286 789 1
1440 790 1
1384 791 1
1664 791 1
1554 797 1
2223 797 1
1602 798 1
902 800 1
982 800 1
135 801 1
2382 801 1
813 810 1
1694 813 1
2286 813 1
622 815 1
1223 820 1
1475 824 1
694 836 1
198 848 1
1779 852 1
1664 857 1
886 860 1
810 865 1
375 890 1
1528 927 1
1245 932 1
22 939 1
1122 964 1
1900 996 1
400 1014 1
2128 1024 1
1122 1482 1
1696 668 2
1984 668 2
1595 672 2
1898 677 2