371 213 1
122 216 1
197 216 1
111 217 1
115 217 1
137 217 1
177 217 1
264 217 1
160 218 1
130 219 1
146 219 1
217 219 1
102 220 1
229 221 1
825 222 1
152 226 1
248 226 1
185 228 1
201 228 1
817 228 1
781 229 1
720 230 1
796 230 1
174 232 1
672 233 1
754 234 1
872 234 1
685 236 1
897 236 1
539 237 1
996 238 1
1072 239 1
838 240 1
1021 240 1
932 241 1
515 243 1
651 247 1
534 248 1
984 250 1
330 251 1
443 257 1
592 259 1
1030 261 1
375 267 1
811 273 1
915 273 1
835 274 1
611 293 1
698 298 1
1027 412 1
58 173 2
277 177 2
322 185 2
462 189 2
414 191 2
494 191 2
316 192 2
595 193 2
551 197 2
533 201 2
395 202 2
281 204 2
444 206 2
355 208 2
236 210 2