223 129 1
161 130 1
182 130 1
100 131 1
152 131 1
191 131 1
287 132 1
55 133 1
73 133 1
81 133 1
116 133 1
123 133 1
133 133 1
199 133 1
238 133 1
90 135 1
176 135 1
219 135 1
256 135 1
62 136 1
266 136 1
307 136 1
187 137 1
104 138 1
112 138 1
233 138 1
468 138 1
153 139 1
243 139 1
386 140 1
21 141 1
88 141 1
164 141 1
354 141 1
413 141 1
447 141 1
65 142 1
96 142 1
196 142 1
275 142 1
285 142 1
503 142 1
13 143 1
36 143 1
380 143 1
404 143 1
48 144 1
80 144 1
117 144 1
133 144 1
428 144 1
448 144 1
476 144 1
333 145 1
524 145 1
149 146 1
207 146 1
305 146 1
177 147 1
364 147 1
8 148 1
480 148 1
55 149 1
188 149 1
318 149 1
486 149 1
511 149 1
23 150 1
298 151 1
393 151 1
243 152 1
426 152 1
341 154 1
169 157 1
227 157 1
260 157 1
516 157 1
327 158 1
458 158 1
362 161 1
284 163 1
431 164 1
499 164 1
471 172 1
519 179 1
36 235 1
495 240 1
120 251 1
399 251 1
247 268 1
70 109 2
269 109 2
240 110 2
179 111 2
249 112 2
16 113 2
286 113 2
210 115 2
305 115 2
327 115 2
470 115 2
164 116 2
226 116 2
341 116 2
355 116 2
399 116 2
122 118 2
135 118 2
36 119 2
377 121 2
421 123 2
439 123 2
527 123 2