370 90 1
294 92 1
348 95 1
358 95 1
371 95 1
268 96 1
382 96 1
413 96 1
465 98 1
211 99 1
394 99 1
400 99 1
200 100 1
425 100 1
540 100 1
330 101 1
514 101 1
462 102 1
473 102 1
581 102 1
186 103 1
192 103 1
223 103 1
565 103 1
295 104 1
694 104 1
302 105 1
595 105 1
673 105 1
356 106 1
408 106 1
667 106 1
712 106 1
271 107 1
284 107 1
554 107 1
762 107 1
480 108 1
580 108 1
781 108 1
531 109 1
630 109 1
652 109 1
209 110 1
470 110 1
696 110 1
747 110 1
162 111 1
202 111 1
378 111 1
26 112 1
79 112 1
349 112 1
769 112 1
619 113 1
717 113 1
77 114 1
121 114 1
181 114 1
105 115 1
520 115 1
708 115 1
782 115 1
49 116 1
91 116 1
661 116 1
145 117 1
255 117 1
9 118 1
29 118 1
233 118 1
586 118 1
267 119 1
161 120 1
197 120 1
339 120 1
390 120 1
60 121 1
420 121 1
750 122 1
486 123 1
653 123 1
664 123 1
234 125 1
306 125 1
91 126 1
217 126 1
361 126 1
35 127 1
131 127 1
402 127 1
192 128 1
168 129 1
478 129 1
62 130 1
328 130 1
441 130 1
279 131 1
379 131 1
453 131 1
318 132 1
426 132 1
753 132 1
253 134 1
463 134 1
107 135 1
138 136 1
340 136 1
685 136 1
296 137 1
355 137 1
516 137 1
589 137 1
773 137 1
16 138 1
74 138 1
124 138 1
406 139 1
578 139 1
92 140 1
237 141 1
272 141 1
500 141 1
192 143 1
222 143 1
322 144 1
482 145 1
380 146 1
48 147 1
162 148 1
182 149 1
660 149 1
22 150 1
303 152 1
760 152 1
135 153 1
223 153 1
368 153 1
542 153 1
267 156 1
749 156 1
97 157 1
532 157 1
649 160 1
54 161 1
240 161 1
442 161 1
196 166 1
724 167 1
743 167 1
9 168 1
129 169 1
319 170 1
329 170 1
420 170 1
636 172 1
93 173 1
393 173 1
160 174 1
512 174 1
54 178 1
267 180 1
633 187 1
475 188 1
724 190 1
5 191 1
360 191 1
623 192 1
740 194 1
101 196 1
220 197 1
641 201 1
610 203 1
757 203 1
171 209 1
741 212 1
560 221 1
116 223 1
9 224 1
377 227 1
734 233 1
44 235 1
546 237 1
255 241 1
364 245 1
204 254 1
530 258 1
182 264 1
736 264 1
342 268 1
264 279 1
730 301 1
492 321 1
756 388 1
89 84 2
445 95 2
605 104 2
731 106 2
639 107 2
616 127 2