280 137 1
407 137 1
388 139 1
449 139 1
200 140 1
228 144 1
318 145 1
553 145 1
246 146 1
257 146 1
270 146 1
311 146 1
211 147 1
543 147 1
186 148 1
425 148 1
100 149 1
493 150 1
370 152 1
1007 152 1
136 153 1
153 154 1
291 155 1
404 156 1
449 156 1
560 157 1
608 157 1
1055 157 1
182 158 1
58 159 1
109 159 1
311 159 1
234 160 1
669 160 1
37 161 1
627 161 1
91 162 1
163 163 1
1075 163 1
760 164 1
503 165 1
658 168 1
1142 168 1
729 170 1
7 172 1
392 172 1
518 172 1
336 174 1
849 174 1
450 177 1
803 178 1
85 179 1
114 181 1
66 184 1
161 189 1
627 194 1
205 195 1
778 195 1
6 196 1
557 197 1
697 197 1
116 201 1
151 208 1
44 211 1
461 211 1
494 211 1
66 215 1
193 234 1
6 242 1
294 244 1
116 257 1
155 271 1
29 290 1
927 80 2
941 80 2
699 81 2
1003 81 2
1011 83 2
1095 83 2
621 84 2
1023 84 2
1046 84 2
1173 84 2
962 85 2
1190 85 2
1129 87 2
645 90 2
904 91 2
978 93 2
585 94 2
696 95 2
1153 95 2
676 96 2
527 97 2
1006 97 2
707 98 2
875 98 2
605 100 2
577 101 2
762 102 2
1194 102 2
548 103 2
940 103 2
487 104 2
866 105 2
669 108 2
727 109 2
825 109 2
956 109 2
1004 110 2
645 113 2
884 118 2
329 119 2
359 120 2
973 264 2