2078 999 1
1955 1018 1
2371 1032 1
2246 1042 1
1699 1047 1
1498 1060 1
1585 1064 1
1975 1102 1
1207 1123 1
1861 1132 1
981 1156 1
588 1172 1
1389 1182 1
1227 1200 1
1515 1217 1
213 1226 1
1696 1266 1
764 1282 1
402 1297 1
2002 1506 1
1601 1586 1
1067 1617 1
267 1826 1
2578 756 2
2311 766 2
2258 767 2
2297 778 2
1918 782 2
2219 786 2
2107 788 2
2155 794 2
2327 808 2
1606 812 2
1834 813 2
1270 815 2
1709 819 2
1912 819 2
1631 827 2
1787 833 2
1720 847 2
132 849 2
2244 849 2
2377 851 2
919 853 2
1009 853 2
1060 854 2
986 859 2
636 868 2
2066 868 2
2136 868 2
2204 871 2
2279 873 2
373 877 2
973 881 2
1328 881 2
1348 881 2
567 882 2
1089 883 2
1257 889 2
467 891 2
1992 894 2
2048 895 2
522 897 2
403 899 2
275 907 2
157 924 2
448 924 2
1585 924 2
561 932 2
325 942 2
747 952 2
72 969 2
302 973 2
423 985 2
2497 1050 2
2223 1217 2