1803 647 1
1519 650 1
1929 650 1
1684 653 1
2152 656 1
2642 661 1
2290 664 1
1596 667 1
1643 667 1
2499 669 1
1029 672 1
2463 672 1
1206 673 1
2204 673 1
2026 678 1
828 681 1
1910 683 1
2785 691 1
363 707 1
1398 708 1
2403 711 1
1816 713 1
1731 719 1
2557 724 1
94 727 1
2328 727 1
1574 730 1
1186 738 1
2807 757 1
279 764 1
589 774 1
958 777 1
2149 777 1
1668 812 1
1895 815 1
2736 818 1
2273 840 1
1470 856 1
1126 887 1
1993 889 1
2628 895 1
2683 963 1
2045 988 1
2637 1511 1
3032 1751 1
1665 515 2
1951 537 2
1761 546 2
1838 557 2
2204 573 2
1472 583 2
2422 598 2
2576 598 2
2714 603 2
2257 612 2
2807 631 2