435 240 1
392 241 1
418 241 1
340 242 1
458 242 1
255 243 1
358 244 1
76 245 1
273 245 1
332 245 1
465 245 1
496 245 1
135 246 1
315 247 1
374 248 1
221 249 1
490 249 1
552 249 1
33 250 1
122 250 1
289 250 1
406 250 1
505 250 1
379 252 1
394 252 1
49 253 1
433 253 1
43 255 1
447 255 1
345 256 1
28 257 1
522 257 1
565 257 1
674 259 1
578 260 1
611 261 1
21 262 1
55 262 1
486 263 1
543 264 1
845 265 1
688 268 1
816 268 1
792 270 1
558 271 1
935 271 1
627 273 1
852 275 1
50 277 1
640 280 1
722 285 1
953 286 1
802 300 1
13 301 1
916 313 1
856 316 1
386 328 1
432 328 1
202 387 1
179 164 2