262 188 1
335 189 1
98 190 1
169 191 1
251 191 1
359 191 1
156 192 1
78 194 1
86 194 1
152 194 1
314 194 1
383 194 1
58 195 1
260 196 1
338 196 1
402 197 1
409 197 1
37 198 1
157 198 1
509 198 1
172 199 1
27 200 1
362 200 1
391 201 1
458 201 1
44 204 1
100 205 1
445 205 1
575 206 1
300 207 1
91 210 1
348 210 1
367 210 1
612 211 1
39 212 1
120 212 1
431 212 1
307 218 1
393 219 1
365 220 1
335 221 1
152 225 1
177 226 1
49 230 1
201 232 1
224 232 1
611 233 1
676 237 1
30 238 1
70 245 1
524 248 1
309 260 1
132 265 1
102 283 1
393 293 1
517 311 1
64 342 1
110 388 1
242 397 1
626 397 1
557 162 2
182 167 2