287 69 1
731 85 1
837 88 1
818 92 1
719 93 1
807 95 1
773 99 1
654 102 1
801 104 1
632 106 1
728 108 1
827 108 1
756 109 1
602 111 1
700 111 1
527 116 1
667 118 1
557 122 1
794 123 1
678 127 1
818 127 1
465 134 1
584 134 1
698 139 1
543 142 1
744 145 1
135 149 1
725 149 1
676 151 1
431 155 1
157 157 1
176 157 1
602 165 1
126 167 1
565 169 1
28 171 1
44 171 1
721 175 1
755 177 1
342 181 1
278 182 1
390 186 1
316 192 1
464 198 1
406 200 1
538 201 1
638 210 1
590 215 1
733 221 1
164 224 1
843 224 1
686 227 1
231 245 1
50 246 1
147 252 1
311 257 1
461 271 1
554 292 1
356 300 1
461 328 1
144 448 1
827 60 2
709 63 2
784 66 2
316 68 2
675 68 2
814 68 2
306 111 2