364 81 1
701 90 1
741 96 1
794 96 1
681 103 1
823 110 1
780 122 1
806 125 1
336 127 1
757 136 1
566 142 1
1135 145 1
127 151 1
789 154 1
838 154 1
1003 154 1
1158 154 1
922 157 1
745 171 1
506 184 1
994 206 1
347 209 1
1180 209 1
1086 212 1
870 214 1
827 219 1
628 234 1
749 237 1
1040 238 1
919 298 1
531 307 1
751 315 1
358 319 1
144 327 1
1025 334 1
196 27 2
144 38 2
20 44 2
425 52 2
79 53 2
693 53 2
320 54 2
128 55 2
934 57 2
485 58 2
745 58 2
714 65 2
771 67 2
913 67 2
542 70 2
615 70 2
859 70 2
1056 76 2
1092 79 2
870 81 2
979 81 2
1038 81 2
928 91 2
612 105 2