253 222 1
374 222 1
397 222 1
116 223 1
158 223 1
408 223 1
356 224 1
381 224 1
107 225 1
224 225 1
238 225 1
332 225 1
155 226 1
229 226 1
233 226 1
341 226 1
365 226 1
459 226 1
54 227 1
140 227 1
268 227 1
401 227 1
449 227 1
75 228 1
524 228 1
509 229 1
299 230 1
427 230 1
88 231 1
130 231 1
307 231 1
439 231 1
458 231 1
469 231 1
537 231 1
331 232 1
478 232 1
9 233 1
30 233 1
22 234 1
396 234 1
62 235 1
109 235 1
339 235 1
382 235 1
482 235 1
44 236 1
258 236 1
279 236 1
376 236 1
119 237 1
12 238 1
144 238 1
316 238 1
99 239 1
239 240 1
451 240 1
490 240 1
574 240 1
268 241 1
76 242 1
192 243 1
51 245 1
415 246 1
8 249 1
247 249 1
560 249 1
545 250 1
226 251 1
473 251 1
207 252 1
597 255 1
350 257 1
513 257 1
387 259 1
258 264 1
451 266 1
318 268 1
286 273 1
590 289 1
208 291 1
163 306 1
32 315 1
559 315 1
251 322 1
414 322 1
588 190 2
590 197 2
562 198 2
506 201 2
175 203 2
210 204 2
445 204 2
73 205 2
109 205 2
204 205 2
463 208 2
91 209 2
247 209 2
20 210 2
268 210 2
291 210 2
356 210 2
325 213 2
137 214 2
149 214 2
230 214 2