1447 437 1
637 442 1
1307 447 1
682 449 1
644 450 1
961 450 1
1024 450 1
1096 450 1
875 451 1
920 452 1
1065 452 1
751 454 1
1137 454 1
605 455 1
848 455 1
1220 455 1
510 457 1
798 457 1
743 458 1
936 458 1
1287 458 1
1548 459 1
693 461 1
1045 461 1
1366 461 1
555 462 1
1250 462 1
1453 462 1
1621 463 1
1711 463 1
492 464 1
618 464 1
1010 464 1
1310 464 1
1378 465 1
658 466 1
1086 466 1
1336 467 1
1523 467 1
903 468 1
1508 468 1
1403 469 1
1165 470 1
474 471 1
643 471 1
1583 471 1
1796 471 1
583 472 1
822 472 1
567 473 1
980 473 1
1142 473 1
1680 475 1
959 476 1
1611 476 1
755 477 1
1710 478 1
1021 479 1
1064 479 1
1535 480 1
1557 480 1
940 482 1
1294 483 1
1226 484 1
1446 485 1
1479 486 1
344 488 1
847 488 1
1382 490 1
836 491 1
880 491 1
1779 492 1
1511 493 1
450 494 1
1107 495 1
1435 497 1
1669 497 1
1589 499 1
499 503 1
962 503 1
1030 504 1
548 505 1
759 505 1
1326 505 1
671 506 1
1408 507 1
1709 507 1
1204 508 1
1269 510 1
1145 511 1
809 513 1
1830 514 1
1679 517 1
1118 529 1
1538 540 1
1487 552 1
1837 558 1
1651 563 1
2045 591 1
272 594 1
2309 679 1
250 685 1
206 379 2
391 381 2
161 385 2
362 387 2
377 390 2
130 391 2
1849 391 2
291 394 2
921 394 2
1329 395 2
1978 395 2
1141 398 2
1298 398 2
1504 398 2
1901 398 2
218 400 2
1732 400 2
1084 401 2
1891 401 2
1195 402 2
1259 402 2
1416 403 2
104 404 2
1569 404 2
175 405 2
1247 405 2
1672 405 2
258 406 2
988 406 2
741 407 2
1364 407 2
1514 407 2
1607 409 2
1639 409 2
1768 410 2
854 411 2
1030 412 2
1272 412 2
1630 413 2
1779 413 2
1856 414 2
1352 418 2
792 421 2
1687 422 2
1735 422 2
1793 426 2
1887 427 2
2168 427 2
2066 433 2
1961 443 2