446 120 1
512 126 1
437 127 1
493 130 1
624 130 1
632 130 1
360 134 1
393 134 1
606 137 1
643 137 1
405 139 1
438 139 1
476 139 1
287 140 1
331 143 1
498 144 1
564 144 1
601 144 1
484 148 1
224 149 1
264 149 1
255 150 1
191 155 1
461 155 1
662 156 1
359 160 1
593 160 1
421 164 1
378 168 1
260 170 1
620 170 1
559 171 1
234 172 1
308 180 1
271 181 1
558 181 1
458 182 1
43 192 1
358 196 1
169 197 1
66 199 1
102 201 1
521 201 1
441 202 1
229 206 1
272 211 1
651 220 1
26 228 1
536 234 1
183 236 1
314 250 1
49 252 1
662 261 1
113 271 1
485 286 1
335 103 2
594 110 2
224 111 2
378 120 2
556 123 2
121 130 2
88 131 2
62 132 2
548 137 2