147 162 2
87 167 2
117 167 2
422 167 2
293 170 2
205 172 2
223 172 2
315 172 2
446 172 2
254 173 2
346 173 2
363 173 2
470 173 2
693 173 2
186 175 2
401 175 2
735 175 2
658 177 2
162 178 2
49 179 2
234 180 2
86 181 2
511 181 2
723 182 2
328 183 2
384 183 2
142 186 2
118 188 2
252 190 2
772 194 2
162 195 2
223 197 2
191 200 2
320 206 2
666 208 2
459 218 2
498 219 2
598 219 2
661 223 2
730 233 2
764 249 2
154 251 2
260 324 2
154 330 2
345 337 2
362 337 2
409 338 2
5 346 2
295 347 2
134 353 2
73 365 2