2241 1327 1
1183 1345 1
2398 1350 1
2813 1353 1
1544 1357 1
1754 1357 1
1333 1360 1
2982 1360 1
1871 1363 1
2104 1363 1
3412 1364 1
3520 1370 1
72 1372 1
2764 1372 1
2862 1372 1
1295 1378 1
1993 1379 1
1710 1380 1
781 1381 1
3237 1381 1
995 1383 1
2576 1383 1
2913 1385 1
530 1388 1
3757 1388 1
669 1391 1
2232 1391 1
3112 1392 1
2721 1394 1
2293 1398 1
403 1403 1
1117 1411 1
4006 1415 1
3326 1421 1
3915 1422 1
75 1429 1
3658 1429 1
1219 1430 1
476 1435 1
3070 1436 1
178 1442 1
1750 1444 1
1950 1448 1
1008 1452 1
366 1467 1
2561 1475 1
3529 1479 1
1154 1517 1
1595 1528 1
1923 1561 1
975 1575 1
623 1652 1
972 1862 1
3262 1868 1
2561 1905 1
652 1951 1
3326 2162 1
2347 1192 2
3424 1231 2
135 1239 2
3224 1252 2