3 97 1
3 101 1
32 101 1
75 105 1
186 106 1
95 108 1
169 109 1
216 110 1
77 115 1
201 117 1
304 120 1
81 127 1
177 129 1
330 129 1
48 130 1
124 130 1
361 132 1
10 133 1
411 135 1
110 136 1
414 136 1
55 139 1
14 142 1
378 149 1
406 149 1
492 152 1
351 153 1
266 156 1
54 159 1
241 161 1
74 164 1
425 164 1
518 170 1
6 172 1
406 172 1
20 173 1
64 180 1
341 180 1
562 182 1
474 183 1
42 198 1
108 198 1
590 198 1
168 201 1
577 201 1
358 214 1
73 215 1
90 217 1
130 222 1
334 226 1
299 229 1
530 243 1
479 261 1
252 269 1
10 283 1
136 283 1
272 298 1
110 315 1
172 328 1
420 329 1
267 338 1
286 113 2
166 130 2
350 130 2
513 142 2
544 144 2
139 147 2
321 157 2
275 169 2
364 174 2
401 179 2
261 200 2
587 234 2
348 242 2
88 270 2