455 58 2
549 60 2
585 61 2
506 62 2
569 63 2
487 64 2
452 65 2
408 66 2
427 66 2
470 66 2
463 67 2
603 68 2
392 70 2
452 70 2
373 71 2
382 73 2
502 73 2
587 73 2
357 74 2
404 74 2
326 76 2
297 77 2
311 77 2
318 77 2
336 77 2
277 79 2
486 79 2
563 79 2
284 80 2
529 83 2
397 84 2
432 84 2
227 85 2
277 85 2
371 85 2
260 86 2
294 86 2
466 86 2
411 87 2
156 88 2
322 88 2
390 88 2
119 91 2
152 91 2
196 91 2
237 91 2
251 91 2
429 91 2
104 92 2
143 92 2
270 92 2
178 93 2
75 94 2
127 94 2
342 94 2
65 95 2
88 95 2
113 95 2
137 95 2
81 98 2
100 100 2
113 101 2
58 102 2
93 102 2
182 102 2
369 103 2
29 104 2
149 104 2
168 105 2
78 108 2
317 108 2
345 108 2
413 108 2
200 109 2
36 110 2
70 110 2
120 110 2
270 111 2
397 112 2
609 112 2
27 113 2
64 113 2
103 114 2
237 114 2
16 117 2
56 119 2
113 119 2
144 120 2
128 122 2
7 123 2
81 132 2
17 142 2
320 142 2
493 144 2
40 146 2
78 148 2
187 150 2
328 166 2
226 171 2
583 202 2
322 215 2
56 231 2
162 282 2