109 193 1
121 197 1
142 199 1
158 199 1
89 202 1
102 203 1
32 204 1
182 204 1
214 205 1
243 205 1
10 208 1
146 209 1
227 209 1
50 210 1
198 210 1
278 213 1
294 213 1
258 214 1
337 214 1
355 216 1
305 217 1
9 221 1
190 222 1
387 222 1
474 222 1
326 225 1
113 226 1
375 226 1
97 227 1
244 229 1
80 230 1
431 231 1
443 234 1
267 241 1
416 241 1
180 243 1
299 244 1
365 245 1
727 248 1
18 255 1
392 260 1
160 269 1
292 283 1
4 311 1
178 331 1
65 147 2
101 157 2
182 164 2
141 166 2
227 168 2
270 168 2
515 174 2
303 184 2
362 188 2
383 190 2
532 202 2
573 210 2