449 421 1
750 428 1
401 429 1
811 429 1
379 431 1
659 433 1
579 435 1
451 436 1
479 437 1
675 437 1
281 441 1
357 441 1
513 441 1
699 441 1
331 445 1
404 445 1
430 447 1
386 448 1
1017 448 1
961 449 1
936 453 1
1176 453 1
41 454 1
1095 457 1
218 459 1
818 460 1
1132 460 1
874 461 1
169 465 1
1025 468 1
974 470 1
828 478 1
782 480 1
1157 482 1
938 483 1
1001 483 1
614 484 1
705 495 1
822 495 1
1091 495 1
913 497 1
503 498 1
803 500 1
582 504 1
612 511 1
684 511 1
926 520 1
248 521 1
1171 525 1
328 529 1
373 529 1
97 533 1
144 535 1
575 545 1
765 565 1
933 565 1
194 579 1
688 644 1
414 669 1
1091 746 1
1126 394 2
1048 398 2
809 400 2
908 404 2
1019 415 2
243 429 2