412 158 1
398 160 1
444 160 1
358 161 1
342 162 1
383 162 1
457 163 1
412 164 1
349 165 1
400 165 1
449 166 1
468 168 1
476 168 1
423 169 1
348 170 1
493 170 1
318 172 1
330 172 1
390 172 1
392 182 1
442 184 1
454 187 1
523 187 1
305 189 1
318 190 1
407 192 1
336 193 1
598 193 1
506 195 1
532 196 1
576 197 1
594 203 1
547 204 1
84 205 1
434 207 1
352 212 1
482 213 1
415 220 1
43 239 1
39 261 1
104 265 1
539 272 1
474 282 1
314 340 1
1011 122 2
284 140 2
293 142 2
302 146 2
497 146 2
285 147 2
267 148 2
517 148 2
579 148 2
525 149 2
258 150 2
333 150 2
509 151 2
537 152 2
564 152 2
567 152 2
960 152 2
294 153 2
580 153 2
656 153 2
602 154 2
664 154 2
188 155 2
600 157 2
221 158 2
730 161 2
211 163 2
901 163 2
712 164 2
800 164 2
680 167 2
823 167 2
591 168 2
644 168 2
874 168 2
195 174 2
763 174 2
833 175 2
696 240 2
621 246 2
716 246 2