735 324 1
663 327 1
713 327 1
404 328 1
818 328 1
792 334 1
945 334 1
343 335 1
442 335 1
404 337 1
471 339 1
615 340 1
893 340 1
573 341 1
1037 341 1
878 342 1
1157 343 1
953 344 1
993 344 1
297 345 1
332 345 1
510 345 1
687 345 1
1081 345 1
357 347 1
565 348 1
481 351 1
745 355 1
677 357 1
653 358 1
962 361 1
804 364 1
901 364 1
325 365 1
423 365 1
375 367 1
1039 371 1
1132 372 1
349 373 1
13 374 1
920 377 1
726 381 1
547 383 1
77 389 1
474 390 1
517 395 1
771 397 1
12 410 1
681 417 1
1089 420 1
712 441 1
1012 535 1
235 203 2
743 287 2
531 289 2
119 292 2
395 302 2
494 302 2
57 303 2
649 306 2
586 307 2
621 308 2
309 311 2
360 313 2