374 143 1
769 152 1
817 153 1
642 156 1
745 159 1
356 163 1
716 164 1
378 165 1
967 169 1
829 175 1
636 179 1
996 183 1
687 186 1
899 186 1
342 190 1
1028 190 1
706 193 1
540 196 1
938 200 1
293 202 1
975 206 1
259 214 1
780 216 1
1031 216 1
726 218 1
550 223 1
1061 237 1
181 249 1
759 255 1
249 272 1
534 297 1
187 333 1
582 340 1
840 346 1
21 386 1
658 397 1
956 401 1
43 518 1
502 73 2
397 74 2
445 83 2
410 86 2
626 87 2
665 89 2
609 90 2
503 94 2
513 95 2
383 98 2
436 99 2
543 101 2
567 105 2
551 129 2
878 154 2