159 178 1
177 178 1
278 178 1
545 178 1
107 179 1
448 180 1
554 180 1
560 180 1
95 181 1
223 181 1
459 181 1
118 182 1
370 182 1
527 182 1
564 182 1
578 182 1
422 183 1
80 185 1
167 185 1
216 185 1
265 185 1
314 185 1
380 185 1
176 186 1
492 186 1
678 186 1
157 187 1
204 187 1
256 187 1
278 187 1
291 187 1
329 188 1
401 188 1
570 188 1
594 188 1
616 188 1
465 189 1
147 191 1
190 191 1
503 191 1
42 192 1
449 192 1
713 192 1
541 193 1
636 194 1
696 194 1
85 195 1
278 195 1
402 195 1
562 195 1
20 196 1
318 196 1
328 197 1
420 197 1
55 198 1
165 198 1
478 198 1
521 198 1
577 199 1
140 200 1
251 200 1
645 200 1
718 200 1
229 201 1
459 201 1
496 201 1
743 202 1
268 203 1
429 203 1
468 203 1
672 204 1
338 205 1
598 205 1
48 206 1
21 209 1
121 209 1
95 214 1
82 217 1
614 217 1
357 218 1
685 218 1
658 222 1
737 224 1
253 226 1
591 226 1
668 231 1
514 232 1
353 235 1
632 239 1
538 241 1
7 243 1
385 250 1
331 263 1
356 151 2
247 158 2
222 161 2
204 168 2