54 266 1
505 266 1
10 270 1
31 271 1
80 272 1
148 272 1
58 273 1
101 273 1
157 273 1
391 273 1
187 274 1
324 274 1
625 274 1
172 275 1
378 275 1
126 276 1
247 276 1
476 277 1
502 277 1
229 278 1
362 278 1
434 278 1
87 280 1
465 280 1
597 281 1
112 282 1
276 284 1
394 285 1
20 286 1
306 288 1
673 290 1
245 291 1
224 293 1
648 293 1
347 294 1
41 296 1
210 311 1
60 313 1
586 313 1
392 316 1
619 317 1
422 325 1
300 327 1
303 245 2
372 247 2
280 248 2
446 248 2
63 249 2
135 249 2
349 249 2
391 249 2
276 251 2
418 251 2
509 251 2
543 251 2
484 253 2
32 254 2
90 254 2
66 255 2
310 255 2
418 255 2
447 255 2
709 255 2
19 256 2
86 256 2
123 256 2
163 256 2
262 256 2
638 257 2
31 258 2
46 258 2
542 259 2
699 263 2
674 265 2