137 308 1
101 310 1
199 310 1
55 313 1
152 313 1
178 315 1
164 316 1
189 316 1
248 316 1
216 317 1
1 318 1
31 318 1
70 318 1
120 318 1
229 319 1
202 320 1
263 320 1
351 320 1
284 321 1
376 321 1
43 323 1
106 324 1
317 324 1
368 325 1
449 325 1
237 326 1
268 326 1
342 326 1
394 327 1
152 328 1
217 328 1
417 328 1
476 328 1
297 329 1
353 330 1
439 330 1
251 331 1
323 331 1
287 332 1
176 335 1
483 335 1
508 336 1
424 337 1
387 338 1
401 338 1
372 339 1
199 340 1
307 342 1
450 342 1
231 345 1
668 346 1
275 348 1
601 349 1
405 351 1
423 352 1
503 352 1
442 356 1
479 356 1
29 357 1
645 357 1
338 360 1
397 381 1
550 386 1
458 391 1
13 279 2
133 280 2
93 282 2
322 283 2
164 286 2
221 286 2
5 287 2
106 287 2
151 287 2
189 289 2
26 290 2
53 290 2
78 291 2
172 293 2
344 293 2
258 294 2
241 295 2
300 296 2
446 296 2
250 297 2
280 297 2
340 297 2
356 297 2
368 298 2
401 298 2
507 298 2
418 299 2
459 299 2
394 300 2
482 301 2
427 302 2
574 302 2
405 304 2
437 304 2
501 304 2
460 307 2
487 307 2
626 307 2
480 309 2
520 309 2
593 309 2
539 311 2
648 312 2
509 313 2
563 315 2
589 315 2
601 322 2