1014 396 1
439 516 1
175 731 1
220 741 1
591 285 2
742 290 2
479 293 2
616 293 2
449 294 2
670 296 2
771 296 2
513 297 2
641 299 2
490 300 2
694 301 2
607 304 2
798 304 2
587 306 2
721 306 2
575 307 2
754 310 2
883 310 2
396 311 2
511 311 2
563 312 2
783 313 2
632 316 2
408 320 2
644 321 2
383 326 2
259 331 2
798 332 2
780 333 2
758 334 2
615 335 2
871 336 2
913 336 2
302 338 2
654 338 2
361 340 2
81 345 2
650 352 2
277 360 2
892 361 2
508 364 2
848 364 2
939 365 2
143 372 2
911 377 2
1082 383 2
651 386 2
624 390 2