1939 266 1
1856 272 1
2151 272 1
2069 282 1
2368 282 1
2106 287 1
1294 291 1
1368 291 1
1607 291 1
1505 294 1
1647 297 1
2260 299 1
2318 299 1
2198 301 1
1221 302 1
1388 306 1
1891 307 1
1480 311 1
1712 311 1
503 312 1
808 317 1
897 317 1
1966 317 1
1091 319 1
1553 321 1
1323 324 1
2093 324 1
1443 327 1
1824 327 1
837 336 1
94 337 1
610 339 1
970 339 1
389 341 1
1154 344 1
676 347 1
1204 349 1
339 352 1
887 354 1
503 356 1
2387 361 1
169 362 1
10 366 1
2185 366 1
1124 371 1
1622 371 1
252 376 1
1284 384 1
1039 389 1
1435 389 1
122 403 1
887 418 1
2039 423 1
1922 434 1
755 439 1
1144 443 1
563 471 1
264 494 1
1538 523 1
1263 556 1
873 563 1
2205 149 2
2084 152 2
1936 157 2
638 177 2
1568 177 2
219 184 2
954 190 2
1319 194 2
1438 199 2
119 200 2
922 202 2
1214 202 2
1306 202 2
1827 202 2
311 204 2
1020 204 2
1632 204 2
737 205 2
899 205 2
1046 205 2
1151 205 2
256 209 2
987 209 2
3 210 2
673 210 2
853 210 2
1486 210 2
397 212 2
1172 212 2
471 214 2
708 214 2
1104 214 2
787 215 2
513 219 2
820 219 2
1004 219 2
1311 220 2
578 222 2
1076 222 2
1380 222 2
1416 222 2
448 225 2
850 227 2
1134 229 2
1562 229 2
369 234 2
52 235 2
144 235 2
573 237 2
504 239 2
538 242 2
1263 242 2