494 1165 1
517 1165 1
215 1172 1
581 1172 1
744 1172 1
259 1178 1
1302 1178 1
850 1181 1
548 1187 1
1168 1189 1
467 1194 1
194 1198 1
278 1200 1
246 1204 1
689 1209 1
89 1218 1
624 1220 1
791 1222 1
511 1226 1
570 1226 1
1248 1226 1
157 1235 1
3545 1269 1
3711 1288 1
3166 1294 1
4135 1295 1
3747 1298 1
3207 1300 1
3405 1307 1
3852 1308 1
1683 1309 1
3011 1311 1
3368 1311 1
3477 1311 1
3548 1311 1
3675 1311 1
4298 1327 1
1626 1335 1
3035 1335 1
1985 1339 1
3242 1340 1
3408 1344 1
3786 1347 1
3343 1350 1
1139 1359 1
3050 1361 1
3157 1370 1
1322 1378 1
3878 1383 1
4057 1389 1
3118 1400 1
1563 1402 1
3206 1409 1
4357 1415 1
3685 1422 1
1181 1428 1
1002 1441 1
3470 1441 1
3336 1445 1
585 1448 1
3799 1455 1
876 1487 1
502 1496 1
996 1496 1
3904 1503 1
4305 1516 1
146 1548 1
9 1570 1
1333 1126 2
2482 1133 2
3410 1150 2
2407 1151 2
2539 1151 2
1098 1152 2
385 1154 2
2201 1154 2
2942 1159 2
2862 1160 2
2974 1161 2
2257 1163 2
2316 1163 2
3186 1166 2
2922 1168 2
2619 1169 2
1967 1172 2
359 1174 2
2490 1174 2
2438 1176 2
2647 1176 2
3349 1177 2
2713 1179 2
2739 1181 2
2407 1184 2
2024 1185 2
2108 1185 2
2064 1187 2
2801 1189 2
3028 1190 2
2538 1192 2
2360 1195 2
2976 1197 2
2148 1202 2
2474 1220 2
2285 1225 2
2663 1226 2
1988 1233 2