346 361 1
374 363 1
193 364 1
630 366 1
259 367 1
469 367 1
688 367 1
226 370 1
447 371 1
744 372 1
765 372 1
791 373 1
321 374 1
659 374 1
599 375 1
528 376 1
389 378 1
901 379 1
41 380 1
830 382 1
95 383 1
565 386 1
206 388 1
172 392 1
642 394 1
784 399 1
893 399 1
19 400 1
386 401 1
680 412 1
773 429 1
453 448 1
932 469 1
174 485 1
151 297 2
222 310 2
1020 311 2
247 319 2
822 319 2
353 321 2
489 321 2
852 327 2
266 328 2
971 328 2
330 329 2
535 329 2
984 329 2
907 330 2
872 331 2
304 332 2
586 333 2
923 333 2
1122 333 2
1090 334 2
1110 335 2
633 339 2
705 339 2
914 341 2
791 342 2