1377 497 1
1276 506 1
1036 515 1
1233 516 1
1680 521 1
1451 523 1
1791 525 1
1320 527 1
1927 528 1
1580 530 1
1358 545 1
1968 555 1
676 557 1
515 564 1
1802 565 1
1285 567 1
1896 571 1
848 578 1
475 580 1
628 588 1
1690 592 1
1036 605 1
738 612 1
1868 622 1
839 645 1
1233 694 1
382 737 1
1090 784 1
1711 808 1
133 862 1
854 874 1
1643 953 1
598 1134 1
1394 1151 1
749 415 2
796 420 2
1203 423 2
1406 424 2
1642 424 2
1703 424 2
970 425 2
557 429 2
1452 429 2
924 430 2
1021 431 2
871 432 2
647 434 2
1128 434 2
1290 434 2
903 437 2
487 439 2
529 439 2
844 439 2
1092 440 2
1821 440 2
465 446 2
1299 448 2
1562 448 2
670 449 2
311 458 2
363 463 2
179 467 2
94 472 2
1869 472 2
152 477 2
264 487 2
1642 492 2