1903 677 1
1282 692 1
697 733 1
1597 733 1
605 738 1
883 738 1
1525 738 1
1623 740 1
1709 757 1
826 760 1
1435 760 1
1350 766 1
621 771 1
943 776 1
511 778 1
1574 790 1
1797 792 1
1316 793 1
1381 793 1
1494 809 1
763 812 1
972 813 1
876 830 1
1211 830 1
1168 849 1
1268 919 1
1138 995 1
443 402 2
295 413 2
597 417 2
862 444 2
670 467 2
738 471 2
592 473 2
919 473 2
802 475 2
1014 484 2
1082 491 2
1506 492 2
1136 493 2
1173 499 2
1557 501 2
1403 503 2
1612 504 2
983 507 2
1281 508 2
1673 512 2
1321 513 2
1223 514 2
281 515 2
1459 516 2
1370 522 2
459 541 2
390 550 2
720 563 2
254 564 2
796 568 2
1719 570 2
1041 572 2
1125 573 2
535 575 2
1339 580 2
1203 584 2
1580 584 2
1277 585 2
335 586 2
1110 587 2
1257 593 2
438 599 2
1459 599 2
591 601 2
866 601 2
1629 601 2
1391 603 2
644 604 2
1529 604 2
1695 605 2
1058 608 2
1880 608 2
1926 612 2
2037 612 2
929 614 2
1545 615 2
1836 615 2
1777 625 2