655 261 1
869 280 1
224 287 1
335 287 1
132 292 1
742 292 1
973 294 1
812 298 1
454 301 1
19 303 1
408 305 1
780 305 1
843 305 1
717 306 1
287 314 1
913 315 1
947 315 1
1003 315 1
58 317 1
156 319 1
731 320 1
229 333 1
814 343 1
338 346 1
944 347 1
82 355 1
666 363 1
268 374 1
149 376 1
669 388 1
510 402 1
886 407 1
650 413 1
84 458 1
689 514 1
481 526 1
858 612 1
489 208 2
605 208 2
353 210 2
457 217 2
374 220 2
440 220 2
142 224 2
181 225 2
491 228 2
699 229 2
92 231 2
403 231 2
631 233 2
301 234 2
210 239 2
529 241 2
259 246 2
750 254 2
916 255 2
861 257 2