41 208 1
77 210 1
317 210 1
148 211 1
359 211 1
122 212 1
293 212 1
60 213 1
305 213 1
88 214 1
281 214 1
373 214 1
99 215 1
171 215 1
247 215 1
339 215 1
348 215 1
137 216 1
261 216 1
111 217 1
230 218 1
239 218 1
324 218 1
370 219 1
191 220 1
272 220 1
21 221 1
219 221 1
293 222 1
81 223 1
43 224 1
111 224 1
332 224 1
346 226 1
175 227 1
371 227 1
142 228 1
204 228 1
21 230 1
269 235 1
305 235 1
230 236 1
337 236 1
141 238 1
368 238 1
68 240 1
102 243 1
324 243 1
262 244 1
183 246 1
372 248 1
19 250 1
283 253 1
47 254 1
148 255 1
480 191 2
64 194 2
132 194 2
228 194 2
424 194 2
613 194 2
196 195 2
397 196 2
466 199 2
571 200 2
589 200 2
416 201 2
406 202 2
438 202 2
509 203 2
454 205 2
484 205 2
13 207 2
523 211 2
563 218 2
620 223 2
537 232 2
393 240 2
477 247 2
414 285 2