446 291 1
510 293 1
319 296 1
364 296 1
432 296 1
414 298 1
497 298 1
346 299 1
733 299 1
287 304 1
523 305 1
708 305 1
334 306 1
156 307 1
591 308 1
362 309 1
650 309 1
679 309 1
92 310 1
212 312 1
763 312 1
545 314 1
474 317 1
439 319 1
396 321 1
528 321 1
556 321 1
83 323 1
328 323 1
309 324 1
795 325 1
110 326 1
378 326 1
158 327 1
36 329 1
725 335 1
295 342 1
176 343 1
213 343 1
256 344 1
518 352 1
565 359 1
758 381 1
27 387 1
724 399 1
486 410 1
222 423 1
744 496 1
449 513 1
240 264 2
482 266 2
547 268 2
254 269 2
283 269 2
588 269 2
17 271 2
371 271 2
399 271 2
47 272 2
110 272 2
606 273 2
173 274 2
343 274 2
572 274 2
5 275 2
384 275 2
64 276 2
208 277 2
79 278 2
99 278 2
37 279 2
307 279 2
140 280 2
275 280 2
612 292 2