1645 1192 1
1292 1196 1
1726 1199 1
2306 1203 1
1425 1205 1
1349 1208 1
1925 1208 1
1591 1212 1
2417 1212 1
2097 1214 1
1633 1218 1
2491 1218 1
3080 1218 1
1451 1220 1
1722 1221 1
1815 1221 1
1517 1223 1
1676 1227 1
1770 1227 1
2016 1227 1
2269 1227 1
1258 1234 1
2058 1238 1
3016 1240 1
1852 1242 1
1561 1245 1
1986 1245 1
2618 1245 1
3117 1245 1
1412 1247 1
2722 1247 1
1888 1249 1
2958 1251 1
1633 1255 1
2426 1255 1
2487 1257 1
2777 1258 1
2859 1258 1
1149 1260 1
1286 1262 1
1487 1266 1
1336 1268 1
1840 1271 1
2920 1271 1
1783 1273 1
1687 1275 1
1092 1277 1
2092 1281 1
2738 1281 1
3296 1288 1
2046 1299 1
2267 1299 1
2977 1299 1
3049 1301 1
1883 1303 1
1626 1305 1
1975 1310 1
2134 1310 1
1473 1312 1
2823 1312 1
1585 1323 1
2319 1323 1
3315 1323 1
3965 1323 1
3147 1325 1
3777 1336 1
1362 1343 1
2574 1347 1
3001 1347 1
2526 1356 1
3354 1358 1
3237 1364 1
4025 1386 1
1861 1391 1
2238 1410 1
1742 1419 1
1336 1428 1
1561 1521 1
2347 1654 1
2633 1724 1
1713 1800 1
4074 1802 1
1144 1114 2
2121 1127 2
1864 1129 2
2025 1129 2
1901 1133 2
1478 1135 2
1637 1135 2
1829 1136 2
1085 1138 2
2609 1138 2
1986 1140 2
1957 1142 2
2530 1142 2
1123 1144 2
1212 1146 2
1929 1149 2
2282 1149 2
2068 1151 2
2578 1153 2
2328 1155 2
1530 1159 2
1436 1160 2
2450 1160 2
987 1164 2
920 1168 2
2833 1199 2
3840 1203 2
3505 1229 2
3851 1334 2