441 69 1
655 77 1
230 80 1
594 84 1
5 87 1
301 87 1
20 89 1
85 89 1
361 91 1
114 92 1
650 92 1
629 93 1
347 94 1
73 97 1
427 97 1
49 99 1
100 103 1
127 104 1
151 107 1
625 110 1
557 112 1
11 113 1
339 117 1
603 117 1
530 118 1
105 120 1
179 121 1
508 123 1
296 124 1
649 124 1
314 125 1
225 128 1
64 130 1
256 134 1
118 137 1
607 160 1
387 169 1
83 172 1
6 173 1
576 178 1
333 198 1
298 211 1
541 221 1
136 241 1
255 244 1
483 246 1
477 45 2
606 45 2
654 46 2
128 47 2
544 51 2
464 53 2
389 55 2
591 58 2
425 60 2
208 63 2
346 67 2
467 72 2
387 73 2