768 380 1
776 380 1
676 385 1
686 385 1
831 386 1
826 389 1
845 390 1
759 391 1
791 391 1
741 392 1
594 394 1
679 394 1
686 394 1
851 394 1
639 395 1
666 395 1
719 395 1
673 396 1
875 396 1
650 398 1
750 398 1
769 398 1
204 404 1
784 404 1
618 405 1
731 405 1
599 406 1
680 406 1
261 407 1
855 408 1
631 409 1
671 409 1
725 410 1
884 410 1
468 411 1
580 411 1
712 411 1
748 411 1
344 412 1
860 412 1
865 412 1
244 413 1
412 413 1
479 413 1
690 413 1
373 415 1
447 416 1
614 416 1
774 416 1
427 417 1
512 417 1
620 417 1
361 418 1
95 419 1
272 419 1
350 419 1
686 419 1
745 419 1
386 420 1
253 421 1
281 421 1
648 422 1
131 423 1
679 424 1
864 424 1
367 425 1
459 425 1
627 425 1
705 426 1
405 427 1
435 427 1
754 428 1
663 429 1
728 429 1
501 430 1
518 430 1
331 433 1
482 434 1
638 434 1
871 436 1
138 441 1
572 441 1
314 443 1
476 443 1
87 444 1
508 444 1
832 444 1
892 449 1
645 452 1
526 458 1
577 458 1
675 458 1
604 462 1
656 465 1
740 466 1
805 466 1
286 468 1
21 469 1
395 471 1
320 472 1
892 472 1
284 476 1
82 482 1
347 486 1
593 503 1
442 510 1
70 513 1
525 524 1
637 548 1
413 556 1
722 560 1
428 577 1
551 607 1
793 371 2
814 374 2
747 375 2
840 375 2
735 379 2
607 382 2
804 382 2
614 383 2
622 385 2
627 385 2
594 386 2
610 386 2
582 388 2
345 389 2
501 390 2
234 391 2
480 391 2
132 394 2
284 394 2
304 394 2
493 394 2
156 396 2
226 396 2
317 398 2
503 402 2
192 407 2
204 431 2