380 345 1
557 346 1
802 346 1
309 347 1
749 348 1
343 349 1
395 349 1
673 349 1
638 350 1
600 351 1
323 352 1
356 352 1
465 352 1
567 352 1
233 353 1
288 353 1
714 353 1
839 353 1
367 354 1
613 354 1
662 355 1
790 355 1
387 357 1
411 357 1
421 357 1
217 360 1
809 360 1
317 361 1
459 361 1
743 362 1
176 365 1
96 367 1
144 368 1
672 368 1
276 369 1
545 369 1
444 370 1
259 371 1
615 371 1
204 372 1
346 376 1
297 378 1
945 378 1
120 379 1
870 380 1
615 381 1
558 382 1
467 384 1
986 385 1
725 387 1
86 388 1
224 388 1
448 390 1
546 393 1
883 399 1
154 401 1
32 403 1
650 410 1
839 428 1
429 457 1
858 561 1
483 566 1
256 577 1
419 300 2