517 120 1
490 126 1
467 129 1
270 156 1
288 156 1
254 157 1
261 157 1
276 157 1
216 158 1
226 159 1
299 159 1
176 160 1
310 161 1
98 162 1
236 163 1
138 166 1
130 168 1
177 168 1
354 168 1
231 169 1
185 172 1
99 174 1
257 174 1
90 175 1
94 175 1
129 176 1
197 176 1
367 176 1
83 180 1
122 180 1
74 181 1
198 184 1
274 184 1
321 186 1
124 188 1
290 189 1
37 195 1
119 197 1
89 200 1
113 200 1
17 202 1
211 206 1
365 207 1
103 208 1
81 215 1
7 218 1
108 226 1
220 234 1
274 245 1
51 251 1
28 261 1
242 270 1
11 299 1
162 6 2
581 98 2
84 156 2
53 158 2