184 158 1
213 159 1
178 160 1
192 160 1
197 160 1
230 161 1
288 163 1
205 164 1
184 169 1
264 170 1
298 171 1
292 176 1
333 177 1
165 178 1
431 178 1
180 179 1
255 179 1
325 179 1
389 180 1
354 181 1
474 181 1
529 181 1
148 182 1
213 182 1
403 182 1
485 186 1
375 187 1
227 191 1
318 193 1
433 193 1
178 194 1
505 194 1
289 196 1
669 197 1
480 198 1
601 206 1
497 209 1
261 210 1
645 213 1
422 214 1
195 216 1
689 224 1
589 243 1
471 262 1
387 271 1
443 287 1
691 307 1
41 147 2
161 148 2
423 149 2
17 150 2
223 150 2
355 150 2
399 150 2
514 150 2
55 151 2
249 151 2
314 151 2
370 151 2
484 151 2
67 152 2
297 152 2
326 152 2
383 152 2
408 152 2
139 153 2
265 153 2
276 153 2
420 153 2
169 154 2
242 154 2
413 154 2
476 154 2
501 154 2
683 154 2
340 155 2
391 155 2
460 155 2
445 156 2
455 157 2
529 157 2
560 158 2
304 159 2
429 159 2
440 159 2
625 159 2
660 159 2
469 161 2
547 163 2
399 164 2
108 177 2