954 233 1
463 234 1
904 234 1
403 235 1
448 237 1
936 239 1
347 241 1
373 249 1
707 252 1
246 255 1
1000 260 1
333 262 1
296 264 1
129 267 1
585 273 1
430 277 1
407 278 1
181 287 1
1051 297 1
924 304 1
302 332 1
158 349 1
236 388 1
95 402 1
673 186 2
610 187 2
648 194 2
682 194 2
602 197 2
843 200 2
626 201 2
637 201 2
768 201 2
729 202 2
781 202 2
586 204 2
700 204 2
799 206 2
885 207 2
673 211 2
823 211 2
525 213 2
658 215 2
748 216 2
910 223 2
647 228 2
623 236 2
678 239 2
577 242 2
844 243 2
824 245 2
526 251 2
873 258 2
1160 264 2
968 277 2
531 285 2
423 304 2
1124 320 2
371 331 2
503 350 2
1018 353 2
361 417 2
301 419 2