345 176 1
295 177 1
393 177 1
284 178 1
312 179 1
322 179 1
352 179 1
408 179 1
229 180 1
383 180 1
415 180 1
367 181 1
302 182 1
331 182 1
341 182 1
403 182 1
253 183 1
265 183 1
430 183 1
349 184 1
375 185 1
469 185 1
491 187 1
317 188 1
448 188 1
359 189 1
397 189 1
412 190 1
455 190 1
237 191 1
272 191 1
555 192 1
282 194 1
514 194 1
566 195 1
228 197 1
532 198 1
577 198 1
311 199 1
436 199 1
296 200 1
381 200 1
486 200 1
541 201 1
621 202 1
331 203 1
681 203 1
552 211 1
697 212 1
241 214 1
610 215 1
431 216 1
355 218 1
625 226 1
515 230 1
405 235 1
447 241 1
694 242 1
255 243 1
615 251 1
259 288 1
44 133 2
497 163 2
605 163 2
459 164 2
579 164 2
557 169 2
707 178 2