1349 625 1
770 629 1
505 631 1
1399 632 1
1113 633 1
565 635 1
635 635 1
666 635 1
1165 635 1
726 638 1
1256 638 1
1678 639 1
871 640 1
1443 640 1
452 642 1
825 642 1
946 642 1
1074 644 1
1193 644 1
1225 644 1
394 646 1
1526 646 1
1412 647 1
1901 649 1
1294 650 1
1813 650 1
485 651 1
993 653 1
1347 653 1
1632 654 1
1141 656 1
1556 656 1
1585 656 1
1854 656 1
604 660 1
1724 660 1
1979 661 1
518 664 1
1051 665 1
876 666 1
1199 666 1
1451 668 1
1776 668 1
926 669 1
1926 669 1
2072 670 1
2144 673 1
693 675 1
1424 677 1
810 679 1
629 681 1
1097 681 1
2399 685 1
1268 688 1
2184 691 1
558 695 1
1584 696 1
1960 696 1
728 697 1
996 699 1
2096 700 1
2307 709 1
485 713 1
1203 715 1
919 726 1
1060 727 1
785 728 1
2429 731 1
556 754 1
1452 754 1
1709 762 1
1166 817 1
2086 825 1
1846 831 1
571 889 1
1496 912 1
2182 1053 1
556 1118 1
1915 1120 1
1017 532 2