75 159 1
155 161 1
28 162 1
111 162 1
45 163 1
95 163 1
133 163 1
126 164 1
187 164 1
65 165 1
144 167 1
199 167 1
311 167 1
89 168 1
237 168 1
217 169 1
274 169 1
285 169 1
167 171 1
225 171 1
339 172 1
7 173 1
409 173 1
274 176 1
39 177 1
363 177 1
380 177 1
296 179 1
310 179 1
609 180 1
205 181 1
559 181 1
187 183 1
453 183 1
141 185 1
661 187 1
463 188 1
531 189 1
647 190 1
631 194 1
440 195 1
551 201 1
597 210 1
61 212 1
610 212 1
305 220 1
170 223 1
411 224 1
670 225 1
790 227 1
127 234 1
563 242 1
328 243 1
728 248 1
696 253 1
557 333 1
756 362 1
575 153 2
517 154 2
440 156 2