160 210 1
171 211 1
296 211 1
303 211 1
186 213 1
58 214 1
214 215 1
66 216 1
468 216 1
34 217 1
119 217 1
159 217 1
263 217 1
287 217 1
29 218 1
175 218 1
194 218 1
230 218 1
248 218 1
378 218 1
356 219 1
139 220 1
313 220 1
322 220 1
332 221 1
187 222 1
443 222 1
455 222 1
76 223 1
203 223 1
268 223 1
280 223 1
42 224 1
296 224 1
488 224 1
167 225 1
478 225 1
548 225 1
54 226 1
247 226 1
371 226 1
392 227 1
151 228 1
524 228 1
562 229 1
88 230 1
326 230 1
511 230 1
283 231 1
53 232 1
115 232 1
224 232 1
319 232 1
445 232 1
291 233 1
240 234 1
415 234 1
31 235 1
401 235 1
535 235 1
104 237 1
191 237 1
380 237 1
10 239 1
545 239 1
303 241 1
501 241 1
340 242 1
143 243 1
274 243 1
311 243 1
447 245 1
220 246 1
488 246 1
242 247 1
431 247 1
399 248 1
464 250 1
13 256 1
570 257 1
200 259 1
340 260 1
367 262 1
101 264 1
438 281 1
96 285 1
223 289 1
145 300 1
554 313 1
386 322 1
289 328 1
476 341 1
435 360 1
184 199 2
5 201 2
27 201 2
179 201 2
457 201 2
296 202 2
464 202 2
387 205 2
18 222 2