1910 268 1
1755 298 1
1772 306 1
1701 311 1
1692 335 1
1766 336 1
1693 370 1
1605 371 1
1558 374 1
1409 393 1
1303 394 1
1343 413 1
1456 415 1
1525 415 1
1259 421 1
1426 470 1
1365 487 1
958 544 1
1272 553 1
908 579 1
1265 597 1
1212 606 1
1335 621 1
1128 622 1
1954 203 2
2018 208 2
2032 226 2
1889 229 2
1838 244 2
1748 259 2
1679 273 2
1972 292 2
1869 293 2
1611 295 2
1505 312 2
1832 313 2
1539 314 2
1404 320 2
1481 325 2
1964 348 2
1388 349 2
1490 351 2
1257 356 2
1747 363 2
1205 376 2
951 381 2
1077 386 2
1587 387 2
1663 388 2
1864 389 2
872 398 2
994 400 2
1789 403 2
960 405 2
1215 418 2
1148 419 2
1620 421 2
1882 423 2
1284 426 2
1503 442 2
836 447 2
1261 454 2
1094 455 2
781 466 2
985 472 2
1200 475 2
1145 478 2
891 483 2
841 484 2
1060 490 2
983 499 2
1323 499 2
792 500 2
1040 502 2
1463 502 2
1569 504 2
779 506 2
843 506 2
1107 507 2
1157 511 2
1417 513 2
710 519 2
2029 521 2
851 535 2
56 542 2
735 545 2
460 555 2
639 555 2
1030 555 2
970 567 2
606 577 2
1413 580 2
671 581 2
108 582 2
1622 586 2
859 609 2
792 626 2
912 630 2
648 645 2
1263 654 2
1132 659 2
996 677 2
1169 680 2
485 689 2
694 691 2
1580 692 2
1220 695 2
567 704 2
236 705 2
156 709 2
791 709 2