2135 534 1
2325 545 1
1612 557 1
2180 564 1
2036 568 1
1860 576 1
2516 576 1
2264 579 1
648 583 1
1006 583 1
1208 583 1
1776 583 1
1693 591 1
1959 591 1
2802 591 1
823 595 1
2451 595 1
1098 602 1
2668 602 1
492 606 1
2310 609 1
1574 610 1
2535 610 1
595 621 1
747 625 1
877 625 1
976 625 1
1876 625 1
1731 633 1
2409 633 1
3324 633 1
1189 637 1
1811 637 1
2466 637 1
2108 640 1
393 642 1
1982 648 1
213 652 1
1071 652 1
2295 656 1
2798 659 1
3210 659 1
3587 671 1
3686 675 1
1300 679 1
3065 679 1
4016 685 1
4231 698 1
2912 705 1
640 706 1
496 711 1
271 713 1
2461 713 1
3404 713 1
3994 734 1
1788 743 1
3339 747 1
3808 755 1
4212 762 1
3633 770 1
1075 785 1
1231 789 1
3477 789 1
949 801 1
3166 809 1
3915 809 1
2886 812 1
4125 812 1
1984 822 1
2467 855 1
2162 867 1
1410 876 1
4224 932 1
2860 949 1
1788 985 1
3119 988 1
3653 1013 1
2160 1116 1
2736 1305 1
1441 407 2
3023 446 2