1397 690 1
1463 695 1
1259 696 1
903 697 1
129 698 1
1232 698 1
456 700 1
275 703 1
542 706 1
671 707 1
499 708 1
227 710 1
474 710 1
322 711 1
198 712 1
568 716 1
596 716 1
521 717 1
1313 720 1
1545 722 1
912 724 1
446 726 1
425 732 1
542 739 1
369 747 1
515 748 1
108 756 1
324 761 1
59 793 1
254 801 1
658 908 1
720 1008 1
1078 623 2
1026 625 2
11 633 2
1434 634 2
982 641 2
1301 645 2
704 646 2
1198 646 2
1268 647 2
738 649 2
301 650 2
1252 650 2
1281 650 2
934 651 2
129 652 2
275 656 2
754 656 2
1238 658 2
213 660 2
1388 660 2
571 661 2
592 661 2
249 662 2
368 662 2
516 662 2
792 663 2
762 664 2
857 665 2
1227 665 2
685 666 2
392 668 2
531 669 2
1043 669 2
495 670 2
557 670 2
611 671 2
53 676 2
414 676 2
156 685 2