455 182 1
350 183 1
361 185 1
387 185 1
291 187 1
417 188 1
249 189 1
259 189 1
405 189 1
439 189 1
389 191 1
242 192 1
311 192 1
472 192 1
487 194 1
219 197 1
447 197 1
176 198 1
195 199 1
208 199 1
318 199 1
345 199 1
513 199 1
284 200 1
389 201 1
471 201 1
489 203 1
420 207 1
447 208 1
336 210 1
286 211 1
373 211 1
154 212 1
204 213 1
231 214 1
255 215 1
325 215 1
57 220 1
594 221 1
383 222 1
277 223 1
508 223 1
78 224 1
16 226 1
97 226 1
160 227 1
454 227 1
215 229 1
241 236 1
617 241 1
425 249 1
303 253 1
50 254 1
473 255 1
353 265 1
241 268 1
627 272 1
524 273 1
103 280 1
416 335 1
232 356 1
590 356 1
373 439 1
547 158 2
537 159 2
559 159 2
516 161 2
595 161 2
584 165 2
498 166 2
529 167 2
619 167 2
635 167 2
468 170 2
440 171 2
544 175 2
612 178 2