205 322 1
318 327 1
369 328 1
421 328 1
28 330 1
259 330 1
75 331 1
165 331 1
593 331 1
129 333 1
228 333 1
488 333 1
284 334 1
187 335 1
625 335 1
445 336 1
707 336 1
100 337 1
912 337 1
369 338 1
471 338 1
746 338 1
778 338 1
560 340 1
648 340 1
878 340 1
12 342 1
544 342 1
613 342 1
666 342 1
512 343 1
824 343 1
931 343 1
691 344 1
858 344 1
280 345 1
791 345 1
898 345 1
979 345 1
705 346 1
918 346 1
770 347 1
579 348 1
680 348 1
1014 348 1
308 349 1
1109 349 1
375 350 1
965 350 1
802 351 1
606 353 1
717 353 1
655 354 1
838 354 1
987 354 1
1082 354 1
752 356 1
1028 356 1
266 357 1
71 358 1
1181 360 1
484 361 1
1146 364 1
720 365 1
642 366 1
1037 370 1
176 379 1
684 383 1
1111 389 1
1172 391 1
912 393 1
764 399 1
983 399 1
65 412 1
417 416 1
437 278 2
764 309 2