742 330 1
767 332 1
622 334 1
645 334 1
657 335 1
683 336 1
726 337 1
838 337 1
713 339 1
531 340 1
845 341 1
692 342 1
913 345 1
622 346 1
524 347 1
920 348 1
513 351 1
388 352 1
398 353 1
411 353 1
350 356 1
315 358 1
649 360 1
258 361 1
282 362 1
302 362 1
503 364 1
219 365 1
432 367 1
484 369 1
232 370 1
243 370 1
197 371 1
444 372 1
258 373 1
330 373 1
763 374 1
102 375 1
930 376 1
75 377 1
112 380 1
249 381 1
206 383 1
222 387 1
171 389 1
26 400 1
479 413 1
18 423 1
275 439 1
363 439 1
47 448 1
97 486 1
227 497 1
139 502 1
493 509 1
530 316 2
470 318 2
501 318 2
606 319 2
513 320 2
833 320 2
404 321 2
414 321 2
668 321 2
419 322 2
508 322 2
311 324 2
365 324 2
378 325 2
522 325 2
494 326 2
500 330 2
822 330 2
307 331 2
474 331 2
529 331 2
251 333 2
269 333 2
362 333 2
224 334 2
291 334 2
433 334 2
277 335 2
301 335 2
372 335 2
329 336 2
601 336 2
554 339 2
448 346 2
746 354 2
471 359 2
803 360 2
660 365 2
413 372 2
828 372 2
636 376 2
374 381 2