636 541 1
680 542 1
653 543 1
416 546 1
576 546 1
557 550 1
697 550 1
460 551 1
724 551 1
601 552 1
442 557 1
474 562 1
740 564 1
664 566 1
280 569 1
398 570 1
376 571 1
1017 571 1
934 573 1
297 574 1
321 575 1
424 575 1
884 577 1
160 578 1
193 578 1
578 581 1
445 582 1
461 585 1
1050 585 1
534 588 1
492 592 1
644 592 1
707 594 1
681 597 1
1088 597 1
211 599 1
941 601 1
908 604 1
733 607 1
362 609 1
563 611 1
1286 611 1
241 615 1
376 617 1
426 618 1
770 618 1
1510 621 1
585 623 1
1142 623 1
1414 625 1
1670 626 1
1221 630 1
1381 633 1
221 634 1
461 637 1
1605 637 1
638 639 1
1309 642 1
1578 656 1
1481 657 1
988 659 1
1676 666 1
753 673 1
811 675 1
882 677 1
1109 697 1
1170 697 1
210 700 1
633 703 1
1443 705 1
312 711 1
1315 718 1
1015 733 1
1672 733 1
1571 736 1
367 745 1
1072 764 1
739 772 1
359 796 1
1220 797 1
1376 805 1
848 825 1
461 854 1
1049 860 1
1524 869 1
1161 873 1
530 937 1
1131 996 1
614 1037 1
1165 474 2
823 490 2
428 492 2
616 494 2
1368 497 2
550 498 2
457 519 2
481 524 2
236 533 2
388 534 2
513 537 2
274 538 2
180 545 2
161 548 2