323 450 1
291 451 1
227 453 1
63 456 1
217 456 1
393 456 1
190 457 1
320 457 1
351 460 1
118 461 1
277 462 1
251 463 1
157 464 1
199 466 1
291 469 1
361 469 1
422 469 1
459 469 1
486 470 1
77 473 1
138 473 1
401 473 1
371 474 1
225 475 1
441 476 1
107 477 1
541 477 1
409 478 1
323 479 1
519 479 1
273 481 1
197 482 1
595 482 1
240 483 1
477 483 1
708 484 1
169 489 1
669 490 1
565 491 1
632 492 1
720 492 1
342 493 1
754 493 1
476 494 1
909 494 1
521 495 1
535 495 1
770 495 1
603 497 1
372 501 1
819 501 1
657 502 1
434 507 1
871 509 1
923 512 1
703 515 1
1099 515 1
628 517 1
775 517 1
1029 517 1
541 519 1
896 519 1
957 519 1
989 522 1
1071 527 1
720 528 1
825 528 1
875 541 1
796 547 1
906 547 1
1047 547 1
1003 553 1
1185 710 1
74 403 2
12 407 2
97 416 2
135 417 2
190 421 2
259 421 2
346 421 2
161 427 2
431 427 2
353 431 2
642 431 2
466 435 2
599 435 2
435 437 2
725 439 2
667 443 2
407 445 2
508 445 2
545 445 2
923 445 2
948 446 2
699 450 2
808 450 2
873 451 2
885 453 2
767 455 2
714 456 2
1019 458 2
1109 461 2
1193 467 2
842 469 2
954 469 2
963 473 2
785 475 2
1014 476 2
881 477 2
1046 482 2
1125 482 2
1149 487 2
1169 495 2
1198 495 2