801 621 1
815 622 1
759 626 1
747 628 1
736 629 1
807 631 1
552 636 1
450 637 1
584 637 1
600 637 1
794 639 1
718 640 1
491 642 1
535 642 1
670 642 1
615 643 1
827 645 1
768 646 1
645 647 1
746 647 1
571 648 1
604 649 1
78 652 1
717 652 1
808 652 1
518 657 1
501 662 1
755 664 1
450 665 1
604 667 1
553 668 1
705 668 1
109 672 1
831 673 1
684 675 1
43 676 1
792 682 1
24 691 1
489 695 1
652 695 1
135 698 1
866 700 1
838 737 1
764 759 1
706 771 1
568 821 1
346 465 2
1552 544 2
1503 560 2
1377 563 2
995 574 2
1267 574 2
1174 579 2
1133 582 2
162 591 2
502 591 2
62 594 2
1562 594 2
481 596 2
496 596 2
554 596 2
576 596 2
1188 596 2
724 598 2
908 598 2
447 599 2
470 600 2
530 601 2
758 601 2
771 601 2
1216 601 2
778 602 2
938 604 2
605 605 2
619 605 2
847 605 2
733 606 2
792 607 2
868 607 2
1081 608 2
752 609 2
802 610 2
775 619 2