524 147 1
643 149 1
717 149 1
734 149 1
671 150 1
489 151 1
507 151 1
267 152 1
561 152 1
613 152 1
477 153 1
160 154 1
405 155 1
579 155 1
762 155 1
391 156 1
594 156 1
350 157 1
13 158 1
328 158 1
728 158 1
85 159 1
233 159 1
421 159 1
455 159 1
540 159 1
714 160 1
1018 160 1
1038 160 1
1053 160 1
38 161 1
113 161 1
316 161 1
227 162 1
527 162 1
816 162 1
255 163 1
445 163 1
469 163 1
296 164 1
931 164 1
157 165 1
214 165 1
992 165 1
276 167 1
749 167 1
793 167 1
962 167 1
371 168 1
891 168 1
29 169 1
339 169 1
591 169 1
905 169 1
874 171 1
185 172 1
566 172 1
695 173 1
416 177 1
436 178 1
97 181 1
643 181 1
776 181 1
828 181 1
133 182 1
735 182 1
320 183 1
503 183 1
241 190 1
31 201 1
165 201 1
573 204 1
407 212 1
301 215 1
101 243 1
1317 56 2