149 105 1
70 110 1
293 110 1
201 111 1
263 111 1
342 113 1
139 114 1
320 115 1
73 117 1
210 119 1
5 120 1
59 121 1
327 121 1
358 121 1
37 122 1
167 122 1
301 122 1
385 122 1
412 123 1
283 124 1
367 126 1
477 126 1
538 126 1
154 127 1
267 129 1
452 129 1
395 131 1
197 132 1
226 132 1
597 134 1
438 137 1
111 139 1
337 139 1
83 140 1
250 144 1
485 147 1
302 150 1
412 154 1
576 156 1
527 162 1
149 174 1
378 177 1
193 181 1
539 213 1
237 224 1
202 81 2
187 82 2
244 85 2
219 86 2
216 91 2
271 91 2
196 94 2