124 144 1
263 145 1
988 146 1
655 147 1
790 147 1
130 148 1
773 149 1
934 149 1
50 150 1
139 151 1
235 151 1
312 151 1
911 152 1
852 153 1
303 154 1
194 155 1
926 156 1
1080 156 1
997 157 1
739 158 1
1008 158 1
645 159 1
573 163 1
865 163 1
842 164 1
545 166 1
38 167 1
66 167 1
134 167 1
1029 167 1
685 168 1
1270 169 1
945 170 1
83 171 1
930 171 1
1167 172 1
173 173 1
345 173 1
608 173 1
739 173 1
7 174 1
762 175 1
904 175 1
1099 175 1
1199 175 1
853 176 1
1017 176 1
296 177 1
1255 177 1
1081 182 1
232 183 1
559 185 1
319 186 1
966 186 1
651 187 1
636 189 1
796 194 1
1258 195 1
685 196 1
875 197 1
771 201 1
1057 201 1
151 211 1
281 213 1
331 213 1
1184 213 1
49 216 1
523 217 1
220 220 1
683 221 1
758 225 1
1039 225 1
983 226 1
399 227 1
658 230 1
608 235 1
797 238 1
495 239 1
139 241 1
1018 242 1
1190 243 1
103 245 1
765 251 1
877 253 1
466 254 1
31 255 1
993 258 1
513 261 1
349 263 1
1197 265 1
675 267 1
901 268 1
1032 269 1
724 270 1
627 277 1
1228 278 1
79 280 1
1016 281 1
147 283 1
221 284 1
317 285 1
491 285 1
1179 290 1
1001 293 1
847 297 1
1209 305 1
825 309 1
381 320 1
986 321 1
456 325 1
179 327 1
1170 331 1
1258 332 1
759 349 1
1200 373 1
119 476 1
448 544 1
641 646 1
133 682 1
997 701 1
1247 113 2
421 114 2
1180 120 2
1122 121 2
567 295 2