409 227 2
431 227 2
343 232 2
11 234 2
208 237 2
366 238 2
113 239 2
454 239 2
262 243 2
594 243 2
78 244 2
158 244 2
248 246 2
322 246 2
294 250 2
8 251 2
208 255 2
550 256 2
95 259 2
526 261 2
358 264 2
270 265 2
124 267 2
215 267 2
581 268 2
47 269 2
102 269 2
249 269 2
449 271 2
36 278 2
510 283 2
383 285 2
224 293 2
354 296 2
10 297 2
324 298 2
62 301 2
112 302 2
527 303 2
296 311 2
447 311 2
463 314 2
584 319 2
205 322 2
479 327 2
276 328 2
176 330 2
431 334 2
522 342 2
15 345 2
374 359 2
284 375 2
71 384 2
431 390 2
265 415 2