541 275 1
537 279 1
488 280 1
499 281 1
476 282 1
424 283 1
579 283 1
436 284 1
565 285 1
593 288 1
505 290 1
686 290 1
667 293 1
527 295 1
563 297 1
625 297 1
328 298 1
583 298 1
441 299 1
464 299 1
848 300 1
235 301 1
495 301 1
341 303 1
372 303 1
284 304 1
748 305 1
226 309 1
414 309 1
542 310 1
396 311 1
910 312 1
419 318 1
99 321 1
283 321 1
310 323 1
226 324 1
454 324 1
74 326 1
685 326 1
86 327 1
38 328 1
619 331 1
229 333 1
527 336 1
286 340 1
17 342 1
188 347 1
243 347 1
513 351 1
14 356 1
790 362 1
374 369 1
577 387 1
335 394 1
101 397 1
688 397 1
60 427 1
497 427 1
187 431 1
362 436 1
121 443 1
776 243 2
707 245 2
767 246 2
679 247 2
659 250 2
809 251 2
675 255 2
325 271 2
343 271 2
266 277 2
257 282 2
169 307 2