283 296 1
178 297 1
128 301 1
151 301 1
168 305 1
780 305 1
226 307 1
702 307 1
909 308 1
257 309 1
827 309 1
529 310 1
199 312 1
838 312 1
393 313 1
449 313 1
481 313 1
811 313 1
854 313 1
653 314 1
981 315 1
923 319 1
617 321 1
112 322 1
575 323 1
725 324 1
31 326 1
665 326 1
87 327 1
145 327 1
203 327 1
285 327 1
387 327 1
493 327 1
642 327 1
738 327 1
846 327 1
884 327 1
457 328 1
236 330 1
629 331 1
695 331 1
313 332 1
7 333 1
398 333 1
79 335 1
671 335 1
171 337 1
212 341 1
329 341 1
268 343 1
23 345 1
340 345 1
598 345 1
227 346 1
138 350 1
194 351 1
105 353 1
479 359 1
224 362 1
69 363 1
303 365 1
122 367 1
36 369 1
689 369 1
586 375 1
21 379 1
210 380 1
128 386 1
275 387 1
32 392 1
813 400 1
212 403 1
587 411 1
87 455 1
695 466 1
630 262 2
541 265 2
326 267 2
523 267 2
622 268 2
659 268 2
507 269 2
692 269 2
555 270 2
591 270 2
571 271 2
482 272 2
230 273 2
513 273 2
527 273 2
441 274 2
725 274 2
787 274 2
267 275 2
466 275 2
326 276 2
669 276 2
99 277 2
125 277 2
340 277 2
451 277 2
719 277 2
760 277 2
70 278 2
298 278 2
534 278 2
914 278 2
38 279 2
354 279 2
361 279 2
140 280 2
242 280 2
190 281 2
422 282 2
373 283 2
384 283 2