635 189 1
756 190 1
710 193 1
835 196 1
859 196 1
893 197 1
874 198 1
1200 198 1
670 202 1
927 205 1
1193 207 1
861 212 1
792 213 1
828 214 1
320 221 1
460 228 1
844 230 1
677 236 1
892 236 1
277 237 1
526 237 1
1018 237 1
964 239 1
82 241 1
814 241 1
184 244 1
1083 244 1
909 245 1
748 246 1
590 249 1
1136 249 1
625 250 1
8 252 1
536 254 1
167 255 1
1018 255 1
237 258 1
345 258 1
854 258 1
951 265 1
789 268 1
741 269 1
415 272 1
272 280 1
69 282 1
191 285 1
573 285 1
730 290 1
545 304 1
704 312 1
41 352 1
406 361 1
541 363 1
276 372 1
219 445 1
378 515 1
996 156 2
412 159 2
546 162 2
989 166 2
1167 168 2
457 169 2
375 172 2
1095 172 2
1267 173 2
1034 174 2
1145 174 2
1083 179 2
1265 223 2