186 179 1
364 179 1
357 180 1
341 181 1
353 181 1
179 182 1
372 182 1
184 184 1
204 184 1
304 184 1
172 185 1
221 185 1
26 186 1
216 186 1
204 189 1
442 189 1
194 190 1
357 190 1
292 191 1
328 192 1
299 195 1
182 196 1
87 198 1
111 198 1
276 201 1
26 203 1
250 203 1
427 203 1
121 209 1
511 211 1
254 212 1
337 212 1
371 214 1
487 214 1
581 218 1
499 219 1
548 222 1
615 224 1
176 227 1
358 227 1
241 233 1
512 234 1
609 237 1
436 238 1
377 242 1
194 268 1
626 268 1
75 154 2
127 158 2
108 160 2
96 162 2
118 164 2
157 165 2
278 169 2
460 170 2
448 171 2
514 171 2
479 172 2
276 173 2
403 174 2
440 174 2
510 174 2
467 175 2
528 176 2
430 177 2
564 186 2
556 188 2
631 190 2