119 100 1
121 108 1
62 110 1
164 110 1
98 111 1
80 112 1
188 112 1
144 113 1
175 113 1
228 113 1
35 114 1
202 114 1
356 114 1
320 115 1
380 116 1
246 118 1
254 118 1
270 118 1
332 118 1
306 119 1
122 120 1
144 120 1
298 120 1
402 120 1
63 121 1
164 121 1
427 121 1
363 122 1
458 122 1
65 124 1
81 124 1
100 124 1
230 124 1
413 124 1
174 126 1
323 126 1
400 126 1
44 127 1
108 128 1
281 128 1
148 129 1
254 130 1
296 130 1
441 131 1
194 132 1
362 133 1
88 134 1
74 135 1
66 136 1
118 136 1
145 136 1
223 136 1
169 138 1
427 138 1
10 140 1
206 140 1
390 140 1
100 141 1
26 142 1
270 142 1
312 142 1
127 146 1
170 146 1
292 146 1
143 148 1
366 148 1
348 151 1
228 154 1
449 156 1
212 159 1
44 160 1
268 160 1
388 160 1
18 161 1
312 162 1
422 162 1
74 164 1
333 165 1
363 169 1
296 170 1
113 174 1
155 176 1
194 176 1
250 183 1
392 186 1
336 193 1
444 199 1
10 201 1
78 211 1
179 218 1
272 225 1
126 228 1
416 228 1
450 52 2
333 54 2
432 54 2
214 57 2
310 57 2
69 58 2
358 58 2
202 59 2
246 59 2
372 59 2
438 60 2
33 61 2
236 61 2
410 61 2
173 62 2
193 62 2
261 62 2
269 62 2
290 62 2
394 62 2
156 63 2
11 64 2
276 64 2
303 64 2
106 65 2
122 65 2
142 65 2
317 66 2
334 66 2
365 67 2
384 67 2
345 68 2