1334 994 1
1606 1000 1
1282 1006 1
1396 1022 1
1443 1023 1
1794 1134 1
2141 1204 1
1958 1252 1
2162 1292 1
1377 1336 1
1236 1424 1
2820 1472 1
2655 1530 1
1812 877 2
1773 880 2
1371 891 2
1595 893 2
1908 893 2
2290 900 2
1313 901 2
2127 901 2
1019 905 2
1560 907 2
2581 907 2
849 915 2
2472 915 2
1470 917 2
2195 919 2
1445 921 2
1870 928 2
1970 928 2
2415 928 2
1803 931 2
491 933 2
2063 935 2
2530 940 2
1901 942 2
2012 944 2
810 945 2
2099 945 2
2188 947 2
695 952 2
1180 956 2
1519 956 2
3232 959 2
2403 961 2
856 963 2
535 967 2
641 970 2
426 972 2
2741 972 2
2868 972 2
1197 975 2
2572 977 2
713 979 2
956 979 2
1493 981 2
574 984 2
739 984 2
1084 984 2
794 988 2
2479 988 2
2023 993 2
363 1003 2
250 1005 2
489 1007 2
2766 1009 2
606 1023 2
3113 1033 2
437 1067 2
158 1074 2
592 1077 2
208 1083 2
505 1083 2
2746 1104 2
312 1127 2
621 1171 2
454 1173 2
800 1355 2
1922 1415 2
1555 1458 2
1743 1547 2