346 294 1
400 295 1
288 297 1
325 297 1
342 307 1
425 307 1
591 307 1
481 308 1
193 309 1
551 309 1
575 310 1
275 311 1
285 311 1
374 311 1
470 311 1
235 312 1
557 312 1
300 313 1
306 313 1
455 313 1
488 313 1
525 313 1
545 313 1
583 313 1
291 314 1
331 314 1
344 314 1
353 314 1
401 314 1
267 315 1
439 315 1
362 316 1
389 316 1
189 317 1
277 317 1
311 317 1
500 317 1
573 317 1
597 319 1
215 321 1
243 321 1
285 321 1
515 321 1
180 322 1
318 323 1
413 323 1
562 324 1
292 326 1
402 327 1
587 327 1
438 328 1
459 328 1
205 329 1
547 329 1
336 330 1
165 331 1
389 332 1
368 333 1
251 336 1
539 336 1
300 338 1
209 339 1
496 339 1
517 339 1
442 341 1
591 341 1
152 343 1
261 343 1
327 343 1
348 343 1
380 345 1
470 345 1
527 347 1
210 355 1
150 356 1
402 358 1
334 361 1
457 362 1
588 363 1
511 369 1
368 371 1
205 376 1
134 381 1
415 393 1
208 395 1
313 403 1
501 406 1
73 410 1
602 434 1
207 437 1
337 447 1
463 447 1
31 463 1
430 509 1
196 521 1
227 278 2
93 281 2
33 287 2
376 287 2
171 291 2
162 293 2
139 294 2
72 295 2
13 298 2
34 305 2