421 257 2
433 257 2
560 257 2
615 257 2
448 259 2
345 260 2
540 260 2
567 260 2
635 260 2
328 261 2
507 261 2
579 261 2
455 262 2
405 265 2
465 265 2
311 266 2
388 266 2
379 267 2
502 267 2
617 268 2
662 268 2
277 269 2
281 269 2
335 269 2
529 269 2
563 269 2
255 270 2
250 271 2
594 271 2
492 272 2
307 275 2
349 275 2
669 275 2
578 276 2
327 277 2
291 278 2
694 279 2
372 280 2
616 280 2
309 281 2
657 281 2
446 282 2
595 282 2
543 283 2
397 284 2
433 284 2
425 285 2
476 286 2
877 288 2
113 289 2
511 289 2
566 289 2
770 289 2
910 289 2
743 290 2
213 291 2
941 291 2
828 293 2
995 295 2
300 297 2
973 297 2
416 300 2
402 302 2
524 303 2
861 305 2
836 306 2
918 306 2
190 307 2
697 308 2
372 311 2
719 312 2
135 313 2
455 315 2
829 318 2
257 320 2
605 321 2
785 321 2
896 323 2
995 323 2
307 324 2
964 327 2
688 334 2
560 347 2
505 357 2
535 360 2
55 400 2