42 9 2
1192 10 2
1086 15 2
246 18 2
761 21 2
870 22 2
408 28 2
626 32 2
1392 35 2
1063 61 2
764 64 2
895 65 2
525 67 2
638 67 2
200 71 2
381 84 2
1204 86 2
1083 89 2
1428 114 2
523 115 2
927 115 2
97 118 2
659 119 2
743 120 2
188 121 2
359 122 2
1073 122 2
1192 135 2
68 138 2
1303 145 2
493 150 2
622 158 2
841 169 2
1433 186 2
258 189 2
1087 193 2
722 195 2
499 198 2
1318 201 2
736 203 2
362 219 2
21 220 2
5 222 2
264 225 2
572 233 2
151 241 2
1347 244 2
712 247 2
1236 247 2
1095 248 2
951 255 2
95 267 2
575 269 2
1215 277 2
216 282 2
690 285 2
1329 295 2
446 308 2
1090 313 2
828 327 2
78 328 2
1340 332 2
967 345 2
327 347 2
1210 347 2
550 358 2
679 374 2
160 379 2
30 383 2
1210 397 2
1071 399 2
958 410 2
800 423 2
1369 423 2
650 433 2
933 437 2
145 438 2
393 443 2
1083 443 2
1279 465 2
10 468 2
358 471 2
514 492 2
289 493 2
649 513 2
1091 524 2
1404 524 2
1224 527 2
205 531 2
628 532 2
794 533 2
928 542 2
1087 566 2
29 567 2
301 568 2
11 570 2
778 589 2
485 599 2
1429 607 2
333 626 2
619 647 2
1244 647 2
263 664 2
1439 666 2
96 676 2
458 679 2
1219 684 2
748 686 2
283 713 2
927 716 2
1125 735 2
72 742 2
1253 751 2
751 752 2
1091 752 2
1427 778 2
578 820 2
775 840 2
1275 855 2
1419 867 2
33 874 2
536 885 2
177 911 2
929 912 2
357 914 2
1108 915 2
740 925 2