575 353 1
629 353 1
792 355 1
737 357 1
759 357 1
518 358 1
539 359 1
547 359 1
879 359 1
663 361 1
463 363 1
498 364 1
639 364 1
553 365 1
683 365 1
490 366 1
617 367 1
827 367 1
441 368 1
589 368 1
436 369 1
697 369 1
887 369 1
719 370 1
872 370 1
333 371 1
454 371 1
815 372 1
563 373 1
365 374 1
655 374 1
881 375 1
290 376 1
632 376 1
355 377 1
661 377 1
490 378 1
769 378 1
114 379 1
763 379 1
797 379 1
578 380 1
310 381 1
512 382 1
177 383 1
255 383 1
56 385 1
406 385 1
134 386 1
748 389 1
495 391 1
539 391 1
878 393 1
723 396 1
389 397 1
424 397 1
698 399 1
859 399 1
339 400 1
447 402 1
262 403 1
165 406 1
833 407 1
667 411 1
288 416 1
15 428 1
623 431 1
847 431 1
149 438 1
558 443 1
827 461 1
780 487 1
428 513 1
825 531 1
377 537 1
661 557 1
843 339 2
887 343 2
917 343 2
693 344 2
596 345 2
817 345 2
749 349 2
671 351 2
767 351 2