333 169 1
206 171 1
359 234 1
340 250 1
53 261 1
157 268 1
97 293 1
8 312 1
16 122 2
77 125 2
20 128 2
35 128 2
406 146 2
296 147 2
362 147 2
324 148 2
194 149 2
384 149 2
335 150 2
148 151 2
166 151 2
228 151 2
371 151 2
319 152 2
396 152 2
156 153 2
177 153 2
450 153 2
206 154 2
433 154 2
194 155 2
241 158 2
462 159 2
136 160 2
258 161 2
9 162 2
20 162 2
28 164 2
274 165 2
2 166 2
223 166 2
248 168 2
236 170 2
446 170 2
225 171 2
48 172 2
408 173 2
427 173 2
254 174 2
78 175 2
28 177 2
260 180 2
374 180 2
99 181 2
136 182 2
328 184 2
189 190 2
232 190 2
452 210 2
457 235 2
388 348 2