22 245 1
14 246 1
71 248 1
501 250 1
90 251 1
473 251 1
539 251 1
33 252 1
488 253 1
4 255 1
81 257 1
597 257 1
253 258 1
38 259 1
643 259 1
116 261 1
433 261 1
578 261 1
279 262 1
394 262 1
515 262 1
427 263 1
459 263 1
90 264 1
126 265 1
387 265 1
574 265 1
335 266 1
360 266 1
447 266 1
487 266 1
11 267 1
61 267 1
17 268 1
297 268 1
350 268 1
251 269 1
271 269 1
506 269 1
561 270 1
25 272 1
383 272 1
463 272 1
499 272 1
407 273 1
481 273 1
627 274 1
336 277 1
416 278 1
224 279 1
277 280 1
268 281 1
429 282 1
613 282 1
652 284 1
391 285 1
561 287 1
96 289 1
258 292 1
479 293 1
296 296 1
330 296 1
313 297 1
412 300 1
468 306 1
550 306 1
238 307 1
190 308 1
382 310 1
140 321 1
455 322 1
46 324 1
397 325 1
116 353 1
382 363 1
254 372 1
90 385 1
37 410 1
652 414 1
535 431 1
126 440 1
200 221 2
324 226 2
109 228 2
406 231 2
522 232 2
626 232 2
425 234 2
42 235 2
139 235 2
384 235 2
498 236 2
507 237 2
51 239 2
451 239 2
537 239 2
518 241 2
572 241 2
627 241 2
227 242 2
592 242 2
282 243 2
558 244 2
612 255 2
145 258 2
162 260 2
180 267 2
523 283 2
635 309 2