260 119 1
349 124 1
243 127 1
253 128 1
279 129 1
364 130 1
369 142 1
54 143 1
285 143 1
235 144 1
6 151 1
16 151 1
286 153 1
267 162 1
386 164 1
57 171 1
17 185 1
222 185 1
288 185 1
265 193 1
196 195 1
282 258 1
154 286 1
234 89 2
165 90 2
228 92 2
183 94 2
254 94 2
292 94 2
327 94 2
374 94 2
120 96 2
156 96 2
190 96 2
212 96 2
262 96 2
281 96 2
178 97 2
198 97 2
234 97 2
160 98 2
164 98 2
224 98 2
252 98 2
301 98 2
310 98 2
132 102 2
207 102 2
237 104 2
138 105 2
158 105 2
217 105 2
89 106 2
118 106 2
147 106 2
309 106 2
97 107 2
223 108 2
233 108 2
155 109 2
188 109 2
345 113 2
75 114 2
164 124 2
208 124 2
170 132 2
140 135 2
200 140 2
180 144 2
167 148 2
129 150 2
155 150 2
395 151 2
140 152 2