111 151 1
120 153 1
126 159 1
139 161 1
149 161 1
203 161 1
68 162 1
100 162 1
96 163 1
7 164 1
55 164 1
24 165 1
36 165 1
42 165 1
424 166 1
535 167 1
140 168 1
505 168 1
585 168 1
312 169 1
184 170 1
326 170 1
439 170 1
604 171 1
258 172 1
276 172 1
418 172 1
488 174 1
634 176 1
459 177 1
552 177 1
45 179 1
516 179 1
288 180 1
339 180 1
530 180 1
553 182 1
364 183 1
72 184 1
151 184 1
357 184 1
92 185 1
526 185 1
11 186 1
42 186 1
309 186 1
416 186 1
562 186 1
325 187 1
435 187 1
458 187 1
38 188 1
55 188 1
215 188 1
226 188 1
378 188 1
393 188 1
502 188 1
548 188 1
280 190 1
408 190 1
507 190 1
478 191 1
241 192 1
295 192 1
518 192 1
427 193 1
535 194 1
262 195 1
337 195 1
571 195 1
235 197 1
631 197 1
139 198 1
443 198 1
619 199 1
79 200 1
210 200 1
162 201 1
350 201 1
468 201 1
253 202 1
285 202 1
480 202 1
494 202 1
227 203 1
326 204 1
366 204 1
406 204 1
584 205 1
242 206 1
480 209 1
94 210 1
274 210 1
360 210 1
445 210 1
461 210 1
64 211 1
254 212 1
347 212 1
428 212 1
2 214 1
210 214 1
286 214 1
376 214 1
88 215 1
405 216 1
42 217 1
558 217 1
22 218 1
238 219 1
507 219 1
102 220 1
126 220 1
316 220 1
258 223 1
330 223 1
370 223 1
274 225 1
196 226 1
94 227 1
600 228 1
396 230 1
167 231 1
410 231 1
558 231 1
224 232 1
465 235 1
638 235 1
360 236 1
527 236 1
13 238 1
78 238 1
484 240 1
123 242 1
415 243 1
504 243 1
167 244 1
213 244 1
54 245 1
134 251 1
504 251 1
270 253 1
163 254 1
261 256 1
324 257 1
24 259 1
104 259 1
77 261 1
409 261 1
232 264 1
493 264 1
643 264 1
166 268 1
471 271 1
4 272 1
288 274 1
104 277 1
542 277 1
150 289 1
318 290 1
498 290 1
608 292 1
376 296 1
594 303 1
280 309 1
462 311 1
219 314 1
360 316 1
410 322 1
569 327 1
108 140 2
118 142 2
221 142 2
231 144 2
264 144 2
454 144 2
588 144 2
252 145 2
499 145 2
628 145 2
90 146 2
129 146 2
136 146 2
168 146 2
180 146 2
273 146 2
470 146 2
595 146 2
30 147 2
308 147 2
434 147 2
510 147 2
553 147 2
99 148 2
188 148 2
372 148 2
402 148 2
440 148 2
485 148 2
576 148 2
80 149 2
206 149 2
288 149 2
514 149 2
562 149 2
41 150 2
275 150 2
420 150 2
428 150 2
468 150 2
480 150 2
266 151 2
319 151 2
642 151 2
16 152 2
154 152 2
193 152 2
255 152 2
352 152 2
361 152 2
435 152 2
527 152 2
547 152 2
618 152 2
68 153 2
330 153 2
341 153 2
373 153 2
387 153 2
230 154 2
405 154 2
442 154 2
271 155 2
243 156 2
455 156 2
474 158 2
611 160 2
116 169 2
200 175 2
164 178 2