203 219 1
30 223 1
248 223 1
446 225 1
450 225 1
485 225 1
494 225 1
469 226 1
380 228 1
427 228 1
436 228 1
302 229 1
466 229 1
541 229 1
481 230 1
262 231 1
369 231 1
460 231 1
513 231 1
345 232 1
472 232 1
534 232 1
59 233 1
249 233 1
329 233 1
446 233 1
45 234 1
418 234 1
498 234 1
470 235 1
570 235 1
584 235 1
393 236 1
360 237 1
450 238 1
530 238 1
561 238 1
164 239 1
551 240 1
371 242 1
291 243 1
435 243 1
446 244 1
514 244 1
91 245 1
323 245 1
545 245 1
207 246 1
403 247 1
502 248 1
117 251 1
526 251 1
486 252 1
381 255 1
317 259 1
544 261 1
421 270 1
171 272 1
285 272 1
346 272 1
211 282 1
517 288 1
9 289 1
311 294 1
425 318 1
40 368 1
71 426 1
655 180 2
83 182 2
2 185 2
125 190 2
186 192 2
46 193 2
154 194 2
224 196 2
201 199 2
250 201 2
294 203 2
313 205 2
619 212 2
340 217 2
460 217 2
554 223 2
636 239 2