497 265 1
388 266 1
416 266 1
454 272 1
352 273 1
298 274 1
469 276 1
114 280 1
244 280 1
422 281 1
392 282 1
254 283 1
144 284 1
187 284 1
306 285 1
376 287 1
493 288 1
294 290 1
214 297 1
81 300 1
437 312 1
248 316 1
387 317 1
426 317 1
160 320 1
292 320 1
81 322 1
482 324 1
11 336 1
110 226 2
136 228 2
282 228 2
124 230 2
374 230 2
42 231 2
381 231 2
179 232 2
349 232 2
421 232 2
3 233 2
323 234 2
481 234 2
51 235 2
367 235 2
269 236 2
196 238 2
244 238 2
454 238 2
319 239 2
311 240 2
75 241 2
250 243 2