2047 169 2
2127 177 2
2099 243 2
2342 253 2
2061 291 2
1880 301 2
1953 319 2
2374 329 2
2286 339 2
1884 361 2
2167 363 2
1965 365 2
2081 369 2
2362 369 2
1792 373 2
2262 397 2
2284 401 2
2304 433 2
1888 449 2
2033 458 2
2382 470 2
2147 478 2
1780 510 2
1886 520 2
1660 532 2
2264 536 2
2372 546 2
2177 552 2
2121 572 2
2015 592 2
1830 600 2
1662 604 2
1934 612 2
2223 638 2
2330 642 2
678 658 2
1369 684 2
486 688 2
377 690 2
995 692 2
1649 694 2
1750 694 2
600 696 2
1112 700 2
1487 700 2
1236 710 2
1967 712 2
2306 722 2
2189 726 2
2041 734 2
462 740 2
853 750 2
2394 755 2
369 759 2
650 759 2
1609 759 2
1190 777 2
1696 781 2
1950 781 2
299 783 2
1050 783 2
1082 797 2
2045 805 2
959 809 2
1176 815 2
488 827 2
1828 827 2
612 845 2
751 845 2
801 857 2
383 859 2
2366 861 2
2145 867 2
1744 963 2
622 1019 2
2079 1021 2
474 1025 2
2256 1025 2
1812 1037 2
2027 1049 2
2231 1052 2
1714 1074 2
1920 1086 2
1736 1104 2
2149 1106 2
1595 1112 2
1886 1128 2
2115 1150 2
2340 1168 2
1868 1182 2
1808 1190 2
1563 1216 2
2067 1222 2
2013 1232 2
2274 1244 2
1770 1258 2
433 1272 2
1898 1272 2
1483 1276 2
171 1282 2
1985 1288 2
2085 1292 2
2270 1296 2
1698 1298 2
1421 1332 2
1652 1336 2
1593 1342 2
1810 1350 2
357 1353 2
2229 1357 2
686 1365 2
2366 1387 2
1298 1399 2
2300 1415 2
955 1417 2
1517 1423 2
1072 1437 2
795 1571 2