623 489 1
13 490 1
86 500 1
321 500 1
174 501 1
675 501 1
517 503 1
1036 504 1
266 506 1
741 507 1
45 508 1
1233 509 1
345 511 1
429 511 1
1261 513 1
289 514 1
835 514 1
980 514 1
794 515 1
1016 516 1
927 520 1
294 536 1
487 536 1
552 537 1
865 539 1
1193 539 1
1812 540 1
1383 541 1
1240 543 1
1281 543 1
777 544 1
1651 547 1
365 550 1
652 550 1
1309 551 1
1730 551 1
562 552 1
435 555 1
1439 562 1
1619 565 1
1702 565 1
648 567 1
1127 568 1
1359 569 1
291 571 1
718 573 1
1506 574 1
1752 574 1
1935 577 1
1611 584 1
597 604 1
61 606 1
293 611 1
808 611 1
706 625 1
746 633 1
445 661 1
332 678 1
407 707 1
51 438 2
161 446 2
114 449 2
268 450 2
393 450 2
593 450 2
439 451 2
485 451 2
504 451 2
687 451 2
808 451 2
96 452 2
583 452 2
563 453 2
876 453 2
537 456 2
1008 456 2
318 457 2
633 457 2
819 457 2
464 458 2
1126 458 2
783 460 2
221 461 2
208 462 2
213 462 2
789 462 2
839 462 2
1542 462 2
344 463 2
1210 465 2
1333 465 2
1095 468 2
972 470 2
1519 470 2
1621 470 2
935 471 2
1144 471 2
927 472 2
1396 473 2
1243 475 2
1503 475 2
1663 475 2
1583 478 2
1420 480 2
1674 480 2
1753 480 2
1937 483 2
1998 483 2
1643 484 2
1716 485 2
1723 485 2
1763 487 2
1795 493 2
1969 495 2