382 356 1
97 376 1
266 378 1
775 405 1
1304 409 1
847 411 1
867 411 1
1099 413 1
1173 419 1
1342 425 1
1268 427 1
1385 433 1
1044 436 1
979 437 1
1519 441 1
1160 443 1
1266 475 1
1221 528 1
1533 318 2
401 324 2
739 325 2
1236 326 2
1388 329 2
1158 331 2
995 332 2
1355 332 2
1268 334 2
1403 334 2
1483 334 2
467 335 2
804 335 2
955 335 2
1179 335 2
896 336 2
1123 337 2
1196 337 2
979 339 2
1376 339 2
591 340 2
571 341 2
707 341 2
1509 341 2
1445 342 2
1031 343 2
1174 343 2
608 344 2
957 344 2
1204 344 2
536 345 2
1326 346 2
1303 347 2
1428 347 2
1081 349 2
1215 349 2
787 351 2
1088 351 2
679 352 2
771 352 2
859 352 2
825 355 2
1477 355 2
1073 360 2
1123 363 2