249 293 1
258 293 1
308 293 1
379 293 1
520 293 1
227 295 1
319 297 1
403 298 1
459 298 1
932 298 1
579 299 1
623 299 1
371 300 1
885 300 1
421 301 1
553 301 1
785 301 1
907 301 1
268 302 1
657 303 1
804 303 1
415 304 1
452 304 1
485 304 1
549 304 1
895 304 1
927 304 1
703 305 1
756 305 1
967 307 1
957 308 1
877 309 1
208 310 1
307 311 1
747 311 1
622 312 1
812 312 1
504 313 1
447 315 1
653 315 1
988 315 1
941 316 1
729 317 1
915 318 1
410 319 1
685 319 1
216 322 1
319 325 1
901 327 1
445 335 1
938 336 1
984 337 1
884 339 1
715 341 1
170 348 1
536 361 1
705 363 1
398 389 1
995 390 1
120 406 1
706 409 1
176 256 2
838 261 2
291 266 2
808 269 2
890 270 2
703 271 2
731 271 2
872 271 2
894 271 2
784 273 2
667 274 2
625 275 2
761 275 2
843 285 2