546 654 1
528 656 1
353 661 1
181 665 1
89 666 1
634 672 1
219 675 1
306 676 1
353 676 1
1142 679 1
1009 687 1
274 688 1
289 688 1
742 691 1
844 691 1
1091 692 1
986 694 1
1036 697 1
798 698 1
361 700 1
870 701 1
1266 701 1
628 704 1
920 705 1
1150 709 1
1338 709 1
604 711 1
955 712 1
1427 714 1
706 715 1
278 719 1
1051 721 1
555 730 1
927 734 1
610 747 1
732 747 1
383 756 1
274 768 1
638 576 2
670 582 2
1084 587 2
836 592 2
903 592 2
972 592 2
612 593 2
743 594 2
596 596 2
640 596 2
731 596 2
780 597 2
1160 597 2
931 598 2
1447 598 2
683 599 2
715 599 2
537 600 2
579 600 2
1032 600 2
482 601 2
705 601 2
859 601 2
996 601 2
102 602 2
279 602 2
570 603 2
1526 603 2
51 611 2
1332 615 2
1462 617 2
142 619 2
1384 619 2
404 620 2