573 130 1
637 131 1
669 131 1
537 132 1
552 132 1
568 132 1
349 133 1
357 133 1
371 133 1
397 133 1
408 133 1
452 133 1
457 133 1
598 133 1
624 133 1
322 134 1
437 134 1
464 134 1
496 134 1
546 134 1
645 134 1
422 135 1
447 135 1
664 135 1
280 136 1
288 136 1
402 136 1
416 136 1
476 136 1
574 136 1
213 138 1
219 138 1
230 138 1
251 138 1
490 138 1
516 138 1
523 138 1
534 138 1
543 138 1
599 138 1
199 139 1
238 140 1
262 140 1
350 140 1
382 140 1
478 140 1
510 140 1
567 140 1
205 141 1
229 141 1
272 141 1
361 141 1
132 142 1
153 142 1
161 142 1
243 142 1
314 142 1
337 142 1
432 142 1
465 142 1
556 142 1
582 142 1
590 142 1
137 143 1
179 143 1
296 143 1
104 144 1
146 144 1
166 144 1
285 144 1
642 144 1
214 145 1
252 145 1
449 145 1
496 145 1
615 145 1
118 146 1
124 146 1
204 146 1
385 146 1
419 146 1
515 146 1
527 146 1
16 147 1
301 147 1
350 147 1
194 148 1
668 148 1
26 149 1
93 149 1
158 149 1
175 149 1
226 149 1
548 149 1
17 150 1
109 150 1
132 150 1
162 150 1
580 150 1
660 150 1
235 151 1
144 152 1
441 152 1
479 152 1
561 153 1
204 154 1
312 154 1
414 154 1
600 154 1
324 155 1
334 155 1
505 155 1
115 156 1
243 156 1
264 156 1
292 156 1
188 157 1
389 157 1
421 158 1
520 158 1
456 159 1
172 160 1
648 160 1
348 164 1
393 166 1
555 168 1
212 169 1
428 170 1
612 170 1
242 172 1
670 172 1
470 173 1
272 174 1
306 180 1
530 180 1
332 184 1
386 184 1
602 185 1
283 187 1
256 189 1
439 194 1
506 206 1
589 210 1
597 116 2
501 117 2
547 117 2
447 118 2
575 118 2
404 119 2
515 119 2
612 119 2
620 119 2
647 119 2
348 120 2
496 120 2
524 120 2
537 120 2
655 120 2
266 121 2
356 121 2
392 121 2
425 121 2
502 121 2
521 121 2
563 121 2
638 121 2
376 122 2
419 122 2
475 122 2
432 123 2
144 125 2
67 129 2
201 129 2
101 132 2