823 650 1
824 667 1
751 671 1
610 683 1
890 684 1
437 688 1
522 694 1
1060 695 1
433 700 1
565 702 1
985 706 1
1095 710 1
482 735 1
599 740 1
1309 756 1
1144 767 1
1508 767 1
1205 768 1
694 784 1
1423 784 1
1301 805 1
658 566 2
585 571 2
718 571 2
630 574 2
744 577 2
769 577 2
940 577 2
1344 577 2
889 578 2
1015 578 2
512 579 2
658 579 2
1439 579 2
581 581 2
439 583 2
925 585 2
1224 586 2
700 587 2
1002 591 2
816 593 2
905 593 2
781 594 2
836 594 2
1450 594 2
755 595 2
676 598 2
1171 598 2
113 599 2
1045 599 2
805 601 2
1092 601 2
625 602 2
1285 603 2
599 605 2
48 607 2
315 607 2
525 609 2
461 610 2
1491 614 2
234 615 2
161 626 2
296 656 2