2235 617 1
2035 621 1
982 623 1
1854 623 1
1994 623 1
1675 631 1
1240 634 1
1533 636 1
2096 636 1
1082 646 1
2445 651 1
574 657 1
1333 657 1
2235 657 1
1367 661 1
2009 663 1
2379 663 1
619 666 1
1673 666 1
1854 666 1
1186 668 1
247 672 1
938 674 1
1106 678 1
304 683 1
2094 683 1
1941 687 1
1261 689 1
727 697 1
474 704 1
1380 710 1
374 712 1
970 712 1
2286 714 1
1707 723 1
2488 731 1
1101 738 1
300 746 1
1344 746 1
825 759 1
2111 772 1
1967 787 1
1157 791 1
2256 806 1
629 821 1
2466 844 1
1499 865 1
972 876 1
64 899 1
1412 899 1
1929 904 1
914 1125 1
2352 1252 1
1765 1465 1
2305 489 2
1282 506 2
2541 508 2
2373 512 2