505 246 1
699 247 1
624 248 1
678 250 1
1607 252 1
1659 259 1
1795 260 1
1571 261 1
1818 261 1
1534 266 1
1890 267 1
819 269 1
684 270 1
647 271 1
798 271 1
589 272 1
703 272 1
737 273 1
760 273 1
663 274 1
719 274 1
1945 274 1
633 275 1
917 275 1
1020 275 1
937 276 1
477 277 1
554 277 1
688 277 1
808 277 1
896 277 1
581 278 1
722 278 1
907 278 1
987 278 1
1025 278 1
606 279 1
880 279 1
1111 279 1
790 280 1
823 280 1
866 280 1
1051 280 1
1062 280 1
499 281 1
530 281 1
740 281 1
955 281 1
409 282 1
457 282 1
482 282 1
516 282 1
549 282 1
575 282 1
844 282 1
1008 282 1
1142 282 1
1134 283 1
441 284 1
917 284 1
994 284 1
423 285 1
1088 285 1
1266 285 1
761 286 1
779 286 1
1118 286 1
1224 286 1
565 287 1
661 287 1
446 288 1
629 288 1
975 288 1
511 289 1
903 289 1
1057 289 1
1103 289 1
1157 289 1
1209 289 1
602 290 1
454 291 1
792 291 1
728 292 1
475 293 1
1040 293 1
823 294 1
882 294 1
1016 294 1
1175 294 1
1165 295 1
1195 295 1
622 296 1
1207 296 1
1001 297 1
684 298 1
750 299 1
1087 300 1
943 302 1
524 303 1
710 303 1
1234 303 1
244 305 1
864 305 1
824 313 1
1011 314 1
732 317 1
613 318 1
953 319 1
556 320 1
882 321 1
1055 323 1
946 336 1
1095 337 1
901 339 1
1003 341 1
680 343 1
851 356 1
1157 361 1
1097 382 1
1005 399 1
1640 215 2
543 226 2
617 230 2
259 245 2
1197 249 2
389 250 2
708 250 2
943 251 2
352 252 2
787 252 2
982 252 2
448 253 2
405 254 2
912 254 2
758 255 2
272 257 2
277 257 2
876 257 2
240 260 2