2143 704 1
3028 706 1
1972 714 1
1760 717 1
2847 717 1
2728 719 1
2974 719 1
1889 723 1
3162 723 1
2224 725 1
2128 727 1
1968 730 1
2193 730 1
1563 732 1
1598 732 1
2073 736 1
1939 738 1
2638 738 1
1403 741 1
1687 741 1
1861 745 1
1740 749 1
2145 749 1
2608 749 1
2847 750 1
2029 752 1
434 754 1
1665 754 1
2542 754 1
2314 758 1
1898 763 1
2581 767 1
3064 769 1
1026 771 1
1678 793 1
386 795 1
1260 795 1
1920 800 1
3140 800 1
1790 802 1
1076 809 1
1497 813 1
2029 826 1
2805 830 1
392 835 1
2106 837 1
1330 842 1
1172 848 1
118 857 1
1017 857 1
2422 866 1
239 872 1
1790 877 1
587 885 1
2680 885 1
1295 888 1
362 903 1
1918 910 1
3230 933 1
2325 968 1
1249 1021 1
1532 1034 1
3096 1037 1
887 1047 1
386 1096 1
1788 1133 1
1348 1181 1
123 1231 1
3006 1245 1
1643 1249 1
235 574 2
1021 590 2
1410 604 2
2963 605 2
1771 611 2
2347 611 2
2130 616 2
1269 621 2
1935 627 2
1142 632 2
1906 633 2
1225 635 2
1665 635 2
400 637 2
58 643 2
1542 643 2
3215 649 2
2724 651 2