206 102 1
148 104 1
164 104 1
186 104 1
324 105 1
175 106 1
237 106 1
119 107 1
133 107 1
171 107 1
198 107 1
200 108 1
212 108 1
271 108 1
155 109 1
286 110 1
161 111 1
184 111 1
83 112 1
138 112 1
235 112 1
379 112 1
10 114 1
194 114 1
48 115 1
274 116 1
306 116 1
376 116 1
412 116 1
352 117 1
166 118 1
296 118 1
330 118 1
372 118 1
72 119 1
239 120 1
260 120 1
103 121 1
138 121 1
2 122 1
368 122 1
313 123 1
360 126 1
399 126 1
70 129 1
99 130 1
240 130 1
31 131 1
221 131 1
269 132 1
3 136 1
188 136 1
412 136 1
313 142 1
148 143 1
53 144 1
301 148 1
260 152 1
430 159 1
200 162 1
152 164 1
334 164 1
231 170 1
405 180 1
324 182 1
421 188 1
44 214 1
154 228 1
262 235 1
92 80 2
107 82 2
80 83 2
148 83 2
170 84 2
129 85 2
53 86 2
354 87 2
424 87 2
33 90 2
242 90 2
388 90 2
429 97 2