888 89 1
951 91 1
840 92 1
630 93 1
720 93 1
790 93 1
899 93 1
668 94 1
714 94 1
843 94 1
574 96 1
649 97 1
557 99 1
608 99 1
914 99 1
961 99 1
947 100 1
466 101 1
546 101 1
805 101 1
862 101 1
506 102 1
651 102 1
675 102 1
885 102 1
325 103 1
722 103 1
345 104 1
377 104 1
385 104 1
470 104 1
316 105 1
354 105 1
577 105 1
446 106 1
617 106 1
274 107 1
517 107 1
534 107 1
414 108 1
590 109 1
286 110 1
291 110 1
495 110 1
244 111 1
420 111 1
629 111 1
1012 111 1
1082 111 1
668 112 1
266 113 1
454 113 1
816 113 1
360 115 1
251 116 1
327 117 1
205 118 1
213 119 1
169 121 1
923 121 1
113 122 1
333 122 1
441 123 1
238 124 1
176 127 1
507 127 1
832 127 1
113 128 1
451 128 1
18 130 1
121 131 1
637 131 1
133 132 1
155 132 1
81 135 1
851 137 1
193 144 1
57 145 1
164 145 1
308 145 1
965 146 1
431 148 1
783 148 1
551 153 1
929 184 1
72 186 1
503 193 1
399 243 1
118 263 1
843 267 1
651 68 2
608 69 2