321 169 1
130 180 1
16 182 1
40 187 1
153 189 1
171 189 1
57 192 1
552 192 1
194 215 1
151 216 1
554 217 1
474 222 1
92 225 1
129 227 1
490 231 1
222 247 1
265 262 1
57 338 1
381 130 2
568 130 2
301 132 2
328 132 2
573 132 2
612 132 2
104 133 2
364 133 2
495 133 2
566 133 2
585 133 2
230 134 2
635 134 2
175 135 2
298 135 2
399 135 2
622 135 2
258 136 2
284 136 2
312 136 2
387 136 2
394 136 2
450 136 2
479 136 2
554 136 2
616 136 2
92 137 2
206 137 2
332 137 2
456 137 2
99 138 2
160 138 2
276 138 2
412 138 2
464 138 2
136 139 2
145 139 2
373 139 2
376 139 2
405 139 2
598 139 2
311 140 2
347 141 2
362 141 2
42 142 2
169 142 2
185 142 2
82 143 2
428 143 2
16 144 2
118 144 2
124 144 2
214 144 2
321 144 2
154 145 2
620 145 2
72 146 2
88 146 2
551 146 2
564 146 2
31 148 2
62 148 2
468 148 2
456 151 2
8 162 2
614 179 2