150 153 1
523 154 1
287 155 1
141 156 1
259 156 1
411 156 1
546 156 1
156 157 1
213 157 1
490 157 1
184 158 1
366 158 1
394 159 1
471 159 1
502 159 1
314 160 1
399 160 1
56 161 1
532 161 1
126 162 1
204 162 1
293 162 1
428 162 1
435 162 1
479 163 1
210 164 1
234 165 1
509 165 1
62 166 1
95 166 1
186 166 1
290 166 1
257 167 1
319 167 1
450 167 1
242 170 1
347 171 1
156 172 1
325 172 1
111 173 1
541 175 1
224 176 1
360 176 1
410 176 1
60 177 1
195 177 1
188 179 1
496 179 1
131 180 1
294 181 1
378 181 1
48 182 1
526 182 1
32 183 1
242 188 1
282 190 1
204 192 1
457 202 1
493 212 1
382 214 1
438 219 1
75 252 1
185 252 1
142 128 2
316 131 2
511 131 2
373 132 2
422 132 2
389 133 2
94 135 2
233 136 2
410 136 2
315 137 2
429 137 2
33 138 2
61 138 2
352 138 2
296 142 2
270 145 2