397 78 1
410 78 1
440 79 1
392 81 1
164 82 1
295 84 1
148 90 1
153 91 1
366 92 1
229 94 1
426 95 1
67 96 1
99 96 1
123 97 1
270 98 1
435 99 1
396 100 1
281 101 1
409 101 1
475 101 1
535 103 1
313 104 1
371 104 1
70 106 1
333 106 1
575 106 1
349 107 1
635 107 1
326 109 1
449 110 1
118 112 1
205 113 1
416 114 1
516 114 1
37 115 1
595 116 1
47 117 1
480 117 1
132 121 1
403 123 1
434 123 1
375 124 1
550 125 1
82 127 1
509 132 1
460 134 1
580 134 1
29 135 1
257 141 1
209 157 1
100 163 1
350 72 2
493 72 2
510 76 2
602 78 2
571 80 2
186 82 2
191 82 2