302 111 1
514 116 1
277 117 1
440 117 1
472 117 1
201 125 1
297 125 1
452 126 1
501 126 1
108 128 1
175 128 1
268 129 1
241 131 1
407 132 1
135 134 1
426 136 1
487 141 1
82 146 1
197 148 1
414 148 1
356 149 1
9 153 1
352 159 1
92 160 1
487 166 1
380 172 1
467 178 1
7 194 1
31 205 1
342 209 1
260 211 1
402 215 1
246 265 1
420 273 1
529 77 2
484 84 2
323 85 2
410 87 2
378 90 2
352 92 2
447 92 2
540 94 2
364 95 2
384 97 2
432 101 2
334 106 2
21 122 2
41 131 2
219 141 2
279 150 2
118 152 2
509 164 2
368 279 2
180 324 2