744 720 1
469 731 1
1389 424 2
1544 429 2
1559 439 2
1593 439 2
1329 444 2
1241 448 2
1278 448 2
1479 448 2
1443 449 2
1296 450 2
1225 452 2
1312 453 2
1419 454 2
1155 549 2
923 555 2
945 557 2
870 559 2
1258 562 2
161 563 2
848 563 2
1483 566 2
773 567 2
1395 577 2
678 578 2
601 579 2
1042 579 2
1060 579 2
255 581 2
480 581 2
371 583 2
808 583 2
983 587 2
950 589 2
831 590 2
1313 590 2
1094 593 2
118 594 2
416 598 2
498 598 2
517 598 2
563 598 2
1043 598 2
667 602 2
1197 602 2
209 609 2
380 614 2
268 623 2
206 638 2
327 639 2
1546 642 2
4 654 2
562 700 2
323 717 2