1792 795 1
2183 798 1
1827 810 1
1692 815 1
1747 817 1
1797 819 1
1113 832 1
2288 834 1
2566 836 1
1072 840 1
1932 840 1
2251 840 1
2375 843 1
1203 853 1
1835 855 1
2500 860 1
2534 862 1
1966 866 1
828 873 1
2150 879 1
1156 883 1
1702 888 1
2335 888 1
885 890 1
1012 890 1
1053 892 1
990 896 1
294 926 1
834 928 1
570 943 1
637 725 2
1880 725 2
1456 731 2
1863 740 2
1987 744 2
2247 748 2
1773 750 2
2133 750 2
742 753 2
1552 753 2
1797 753 2
1895 753 2
2258 757 2
1670 763 2
1621 765 2
1021 768 2
832 770 2
2043 770 2
232 772 2
1207 772 2
924 780 2
1428 780 2
1273 785 2
883 787 2
116 793 2
412 798 2
1353 806 2
285 808 2