431 456 1
459 456 1
607 456 1
534 461 1
667 462 1
755 462 1
317 463 1
644 463 1
492 464 1
164 465 1
243 465 1
988 465 1
716 466 1
267 467 1
419 467 1
572 468 1
92 470 1
184 470 1
594 470 1
903 470 1
6 472 1
935 472 1
975 472 1
1141 473 1
483 475 1
363 477 1
442 477 1
908 477 1
1181 477 1
290 478 1
234 479 1
825 480 1
1250 483 1
760 484 1
1059 485 1
134 491 1
1136 492 1
71 494 1
569 500 1
890 504 1
1053 504 1
1273 506 1
504 507 1
790 507 1
1192 508 1
1074 511 1
385 512 1
468 522 1
1019 522 1
660 528 1
955 530 1
1181 533 1
770 546 1
889 585 1
592 593 1
1126 620 1
63 623 1
820 411 2
736 426 2
1071 426 2