1870 391 1
1931 465 1
1546 480 1
420 482 1
1816 484 1
1133 486 1
957 487 1
1278 494 1
1404 494 1
603 495 1
516 497 1
263 544 1
1659 195 2
679 199 2
1995 203 2
618 212 2
1496 218 2
1801 218 2
1368 219 2
1685 228 2
1391 229 2
1761 229 2
605 232 2
1219 234 2
378 241 2
669 241 2
1528 243 2
1823 243 2
803 244 2
1662 244 2
1979 246 2
1916 247 2
1774 249 2
10 251 2
633 251 2
887 251 2
837 258 2
1100 258 2
228 259 2
1689 259 2
44 262 2
534 262 2
1401 262 2
74 263 2
105 263 2
1229 263 2
477 264 2
501 264 2
1184 266 2
902 267 2
1643 267 2
148 269 2
189 269 2
786 269 2
1078 269 2
1157 269 2
299 271 2
411 271 2
1302 272 2
323 278 2
997 279 2
945 284 2
1660 292 2
550 293 2
441 297 2
227 298 2
355 305 2
822 306 2
130 327 2
76 330 2
174 335 2
723 341 2
15 346 2