3172 1021 1
2975 1029 1
2845 1037 1
2959 1078 1
2225 1086 1
2763 1098 1
2062 1106 1
2552 1119 1
2961 1131 1
2335 1137 1
1670 1251 1
1356 1289 1
1792 1299 1
1507 1334 1
1950 1342 1
2209 1405 1
2093 1517 1
2318 1558 1
3199 791 2
3053 793 2
3097 795 2
3168 799 2
2627 811 2
2585 815 2
2479 822 2
2436 824 2
3195 830 2
2392 832 2
3012 838 2
2505 840 2
2662 848 2
2117 850 2
2721 852 2
2595 854 2
1386 858 2
2178 860 2
2209 860 2
2819 860 2
3162 860 2
1537 862 2
1625 864 2
2749 866 2
2861 866 2
2103 868 2
2263 870 2
3040 870 2
1432 872 2
456 876 2
1702 879 2
2373 879 2
2390 879 2
2941 879 2
1239 880 2
1593 880 2
918 883 2
960 884 2
1264 885 2
1060 887 2
1554 889 2
1781 893 2
784 896 2
1135 899 2
1464 902 2
361 904 2
2522 905 2
1419 906 2
843 908 2
182 910 2
1547 910 2
1304 918 2
727 923 2
1196 925 2
834 926 2
1498 927 2
685 931 2
1352 931 2
630 933 2
1830 933 2
2294 946 2
771 961 2
1379 961 2
1097 983 2
1142 983 2
1302 984 2
1025 991 2
555 1014 2
432 1044 2
283 1045 2
92 1049 2
569 1072 2
232 1087 2
473 1133 2
2798 1348 2
3148 1487 2