90 209 1
70 210 1
299 220 1
268 221 1
332 221 1
338 221 1
211 222 1
273 222 1
301 222 1
352 222 1
356 222 1
383 222 1
251 223 1
299 223 1
340 223 1
195 226 1
280 226 1
305 226 1
396 226 1
430 226 1
223 227 1
343 227 1
372 227 1
437 227 1
191 228 1
389 228 1
406 228 1
411 228 1
423 228 1
167 229 1
348 229 1
162 230 1
248 230 1
417 230 1
447 230 1
453 230 1
460 230 1
136 231 1
216 231 1
186 232 1
189 232 1
183 233 1
238 233 1
281 233 1
212 234 1
424 234 1
143 235 1
152 235 1
178 235 1
118 237 1
124 237 1
366 237 1
245 238 1
467 238 1
389 239 1
146 240 1
203 240 1
174 241 1
108 243 1
135 243 1
426 244 1
482 244 1
493 244 1
102 245 1
232 245 1
436 245 1
154 247 1
396 247 1
447 247 1
349 249 1
461 249 1
407 250 1
193 251 1
240 251 1
295 251 1
359 253 1
142 255 1
413 255 1
472 255 1
521 256 1
59 257 1
92 259 1
421 259 1
43 260 1
183 261 1
367 261 1
132 262 1
241 262 1
127 263 1
73 264 1
300 264 1
381 266 1
120 267 1
288 267 1
216 268 1
32 269 1
458 269 1
12 272 1
318 272 1
392 274 1
172 275 1
239 276 1
3 278 1
43 278 1
164 282 1
489 283 1
238 287 1
406 287 1
74 290 1
324 290 1
153 292 1
5 295 1
223 296 1
429 297 1
66 300 1
139 305 1
42 319 1
112 326 1
477 336 1
206 200 2
232 201 2
259 201 2
287 201 2
324 201 2
344 202 2
221 203 2
248 203 2
373 203 2
356 204 2
385 204 2
441 204 2
462 204 2
303 205 2
347 205 2
399 205 2
314 206 2
473 207 2
488 207 2
504 207 2
400 209 2
414 209 2
450 210 2
462 210 2
427 211 2
522 211 2
435 212 2
528 212 2
505 216 2
322 222 2
258 225 2
301 232 2