482 345 1
399 350 1
563 350 1
618 350 1
526 351 1
603 352 1
426 355 1
791 355 1
802 355 1
758 356 1
511 357 1
704 357 1
837 357 1
140 358 1
236 358 1
501 358 1
556 358 1
575 358 1
487 360 1
680 360 1
908 360 1
339 361 1
424 361 1
597 361 1
614 361 1
216 362 1
722 363 1
362 364 1
672 364 1
252 365 1
640 365 1
848 365 1
943 365 1
388 366 1
872 366 1
447 367 1
759 367 1
676 369 1
884 370 1
945 370 1
381 371 1
551 371 1
585 372 1
735 372 1
716 373 1
528 374 1
1000 374 1
631 375 1
813 375 1
971 377 1
402 378 1
480 378 1
328 379 1
650 379 1
783 379 1
888 379 1
131 380 1
280 384 1
1059 385 1
1178 397 1
1117 398 1
677 401 1
1074 402 1
805 406 1
1010 407 1
1037 408 1
522 410 1
700 410 1
333 412 1
851 414 1
571 416 1
759 416 1
1141 417 1
549 418 1
909 419 1
960 419 1
155 424 1
819 431 1
648 433 1
157 438 1
1168 439 1
953 441 1
887 445 1
361 451 1
737 451 1
715 455 1
125 459 1
1174 459 1
999 471 1
782 490 1
153 535 1
515 550 1
1097 606 1
571 607 1
724 663 1
800 326 2
654 327 2
821 327 2
829 327 2
905 327 2
752 328 2
763 328 2
814 328 2
849 328 2
937 328 2
699 330 2
880 331 2
1102 331 2
1043 335 2
1085 338 2
964 339 2
1004 340 2
1027 341 2
1058 342 2
978 343 2
1126 343 2
1199 343 2
1167 344 2
1105 348 2
47 350 2