265 101 1
315 113 1
266 140 1
203 143 1
253 208 1
292 221 1
249 271 1
41 1 2
142 17 2
275 18 2
26 22 2
120 25 2
213 28 2
179 31 2
21 33 2
95 33 2
359 34 2
43 35 2
584 37 2
232 42 2
303 43 2
487 43 2
212 44 2
266 45 2
400 46 2
457 46 2
57 47 2
363 47 2
286 48 2
20 51 2
333 51 2
151 54 2
171 55 2
427 55 2
107 56 2
251 56 2
588 63 2
499 68 2
351 69 2
33 71 2
78 71 2
452 75 2
551 77 2
207 79 2
79 83 2
223 89 2
137 90 2
412 91 2
175 92 2
36 93 2
611 93 2
384 97 2
489 101 2
537 103 2
570 107 2
119 123 2
151 125 2
553 129 2
506 137 2
114 153 2
563 177 2
158 182 2
605 195 2
53 211 2
203 217 2
40 249 2
424 273 2
585 277 2
514 283 2
333 284 2
57 310 2
355 310 2
562 317 2
143 319 2
445 326 2
604 351 2
406 365 2
353 368 2
601 391 2
521 395 2