113 93 1
351 108 1
241 114 1
484 114 1
84 117 1
215 127 1
287 127 1
428 133 1
355 135 1
667 135 1
698 139 1
300 141 1
149 147 1
283 149 1
168 174 1
601 216 1
667 2 2
483 4 2
354 5 2
525 5 2
588 6 2
622 6 2
242 7 2
645 7 2
458 9 2
686 10 2
293 11 2
331 12 2
415 13 2
557 13 2
127 18 2
526 20 2
635 21 2
44 24 2
605 25 2
112 26 2
273 27 2
391 27 2
62 29 2
558 29 2
672 29 2
85 31 2
433 31 2
489 34 2
414 35 2
321 37 2
579 37 2
351 46 2
244 47 2
453 47 2
11 49 2
498 50 2
393 51 2
71 53 2
281 54 2
470 54 2
573 55 2
529 58 2
655 63 2
547 64 2
639 65 2
199 72 2
238 72 2
683 72 2
132 73 2
68 74 2
103 74 2
559 75 2
671 75 2
617 76 2
275 78 2
417 85 2
399 87 2
501 87 2
25 89 2
467 90 2
431 93 2
535 99 2
615 99 2
163 122 2
153 123 2
599 125 2
549 126 2
612 129 2
18 144 2
26 154 2
511 168 2
419 219 2
538 227 2
697 263 2
376 351 2
69 377 2