1102 81 1
399 85 1
427 88 1
902 96 1
593 98 1
806 110 1
418 129 1
443 131 1
550 131 1
996 132 1
914 146 1
563 152 1
1022 154 1
236 158 1
201 161 1
943 167 1
651 173 1
587 179 1
291 196 1
764 199 1
225 217 1
744 1 2
292 2 2
767 2 2
1257 2 2
935 3 2
1122 3 2
567 6 2
149 7 2
812 7 2
1060 9 2
855 10 2
639 11 2
55 17 2
908 27 2
535 28 2
1275 31 2
111 34 2
953 35 2
34 36 2
889 38 2
764 40 2
222 41 2
581 41 2
100 44 2
699 45 2
1009 50 2
2 55 2
81 59 2
1197 59 2
639 68 2
283 69 2
590 69 2
1031 69 2
184 71 2
207 71 2
219 72 2
1148 76 2
525 77 2
1067 80 2
553 81 2
136 85 2
703 85 2
691 89 2
942 100 2
775 104 2
880 109 2
715 115 2
271 122 2
1087 135 2
1201 157 2
51 161 2
77 170 2
10 173 2
1249 182 2
1207 185 2
116 189 2
1269 202 2
51 208 2
323 209 2
902 214 2
1230 227 2
833 239 2
1273 245 2
1039 253 2
545 263 2
34 278 2
392 485 2
183 502 2
559 540 2
291 570 2
945 589 2
1239 590 2
733 596 2
433 602 2
1060 611 2
760 622 2
266 624 2
1124 628 2
885 631 2
864 647 2
754 686 2