243 50 1
287 61 1
305 98 1
521 100 1
404 121 1
502 122 1
439 125 1
366 136 1
411 165 1
427 165 1
443 171 1
303 179 1
219 181 1
487 187 1
358 189 1
269 197 1
333 198 1
106 211 1
199 213 1
244 213 1
295 221 1
388 244 1
286 247 1
174 253 1
520 256 1
180 257 1
519 297 1
345 327 1
475 1 2
241 3 2
260 4 2
29 5 2
153 11 2
80 16 2
291 18 2
284 21 2
59 45 2
533 46 2
111 55 2
145 61 2
27 62 2
398 66 2
178 68 2
115 69 2
5 76 2
321 77 2
378 81 2
27 85 2
53 85 2
175 100 2
37 121 2
131 123 2
557 128 2
99 144 2
24 158 2
129 171 2
87 178 2
5 187 2
28 201 2
60 202 2
71 203 2
38 209 2
577 226 2
564 235 2
607 235 2
5 243 2
51 251 2
551 257 2
22 270 2
355 283 2
414 285 2
561 290 2
9 293 2
601 294 2
8 309 2
575 347 2