656 171 1
518 179 1
469 182 1
905 186 1
724 190 1
353 194 1
425 210 1
801 212 1
604 231 1
205 254 1
679 290 1
463 294 1
920 305 1
158 364 1
364 387 1
699 480 1
13 40 2
250 57 2
75 64 2
671 76 2
655 77 2
947 80 2
597 85 2
937 87 2
290 89 2
200 92 2
116 93 2
142 95 2
662 95 2
679 98 2
936 101 2
795 107 2
911 107 2
221 108 2
643 109 2
355 116 2
702 121 2
644 124 2
608 126 2
565 127 2
590 127 2
745 128 2
911 128 2
863 129 2
959 130 2
826 131 2
488 134 2
513 135 2
534 135 2
661 142 2
571 146 2
593 150 2
801 150 2
730 151 2
494 152 2
781 152 2
447 155 2
885 159 2
681 164 2
828 168 2
816 180 2