331 98 1
89 113 1
514 129 1
586 136 1
114 5 2
225 6 2
611 6 2
170 7 2
376 8 2
31 11 2
732 13 2
556 14 2
199 15 2
78 16 2
437 16 2
389 17 2
451 20 2
150 23 2
225 23 2
614 24 2
705 25 2
97 26 2
281 26 2
271 29 2
337 29 2
52 33 2
389 34 2
456 35 2
578 35 2
734 36 2
652 39 2
183 42 2
706 42 2
290 43 2
640 44 2
433 48 2
235 50 2
507 50 2
19 52 2
113 52 2
53 55 2
292 57 2
111 61 2
705 63 2
353 65 2
163 66 2
655 66 2
532 69 2
46 70 2
470 70 2
592 71 2
177 73 2
296 77 2
366 77 2
613 79 2
493 81 2
233 84 2
116 107 2
543 107 2
35 111 2
301 113 2
232 114 2
478 119 2
212 123 2
611 125 2
492 126 2
34 128 2
676 129 2
163 131 2
483 134 2
564 138 2
689 146 2
624 151 2
24 165 2
229 176 2
21 177 2
680 177 2
369 185 2
568 185 2
88 188 2
234 190 2
6 196 2
372 208 2
5 259 2