168 71 1
479 74 1
353 93 1
553 98 1
585 98 1
394 112 1
694 192 1
702 257 1
525 0 2
699 4 2
289 5 2
638 8 2
373 11 2
551 13 2
912 13 2
220 15 2
487 18 2
428 19 2
160 20 2
387 20 2
239 23 2
330 27 2
652 29 2
864 31 2
823 32 2
715 34 2
84 35 2
105 36 2
580 42 2
768 43 2
314 46 2
378 46 2
279 51 2
436 52 2
199 54 2
611 54 2
640 54 2
899 54 2
918 55 2
715 60 2
271 64 2
103 75 2
851 75 2
912 75 2
652 77 2
805 78 2
822 78 2
55 79 2
700 82 2
202 84 2
875 85 2
758 86 2
40 88 2
88 92 2
612 109 2
886 109 2
650 115 2
817 115 2
696 116 2
834 122 2
247 125 2
768 125 2
701 127 2
101 129 2
653 129 2
932 130 2
900 134 2
732 152 2
843 177 2
42 179 2
609 190 2
797 196 2
928 198 2
259 212 2
56 213 2
106 232 2
69 233 2
820 237 2
742 239 2
761 244 2
936 245 2
611 248 2
917 250 2
784 252 2
887 253 2
87 256 2
866 257 2
44 258 2
811 260 2
597 263 2
627 263 2
10 270 2
889 272 2
190 275 2
955 283 2
23 409 2
397 414 2
884 415 2
911 415 2
724 424 2
561 428 2
53 435 2
565 444 2
203 457 2
159 497 2
237 501 2