1189 285 1
334 339 1
773 366 1
491 403 1
594 26 2
11 33 2
100 58 2
488 61 2
182 62 2
439 66 2
121 67 2
278 69 2
659 71 2
424 73 2
442 73 2
267 77 2
726 78 2
810 82 2
500 83 2
1023 92 2
472 94 2
1222 102 2
387 107 2
1287 107 2
1171 108 2
149 112 2
554 112 2
1260 117 2
264 120 2
1124 120 2
950 123 2
475 127 2
797 127 2
507 128 2
1082 128 2
1099 131 2
140 132 2
205 132 2
936 133 2
140 148 2
308 149 2
278 152 2
484 152 2
344 153 2
451 153 2
110 154 2
41 157 2
1205 157 2
523 160 2
702 164 2
582 165 2
1014 166 2
676 176 2
397 179 2
141 182 2
847 182 2
207 187 2
920 187 2
455 191 2
1154 191 2
754 194 2
591 197 2
359 201 2
502 201 2
528 209 2
40 210 2
661 210 2
1127 210 2
682 211 2
1200 214 2
294 220 2
247 222 2
776 222 2
179 223 2
673 227 2
451 228 2
139 234 2
487 238 2
903 238 2
337 239 2
391 240 2
541 244 2
977 252 2
1263 255 2
117 259 2
252 264 2
1282 267 2
867 272 2
305 275 2
806 275 2
1113 280 2
843 281 2
1275 288 2
634 289 2
957 293 2
350 294 2
1156 294 2
734 296 2
71 309 2
1280 321 2
1078 545 2
1058 639 2