735 141 1
366 162 1
632 170 1
271 172 1
940 173 1
918 178 1
358 179 1
1023 184 1
614 185 1
522 190 1
708 190 1
257 194 1
825 197 1
330 205 1
902 205 1
569 208 1
347 226 1
268 239 1
535 243 1
728 244 1
60 247 1
1054 269 1
1197 291 1
508 306 1
762 308 1
1166 325 1
217 455 1
188 510 1
518 1 2
479 2 2
563 3 2
119 5 2
210 5 2
1255 5 2
1127 7 2
267 9 2
683 9 2
1019 9 2
1115 9 2
1164 11 2
95 16 2
823 16 2
476 18 2
1041 18 2
6 20 2
164 20 2
738 20 2
914 20 2
853 21 2
24 25 2
311 25 2
965 25 2
140 33 2
3 34 2
937 34 2
625 36 2
883 40 2
970 40 2
1066 40 2
1226 40 2
866 41 2
467 42 2
691 42 2
69 43 2
1133 43 2
282 46 2
526 46 2
605 47 2
265 50 2
784 50 2
1242 53 2
847 55 2
492 60 2
939 60 2
1093 60 2
1177 60 2
979 61 2
794 62 2
201 63 2
1037 63 2
296 64 2
226 66 2
880 66 2
657 67 2
727 68 2
708 70 2
560 78 2
476 88 2
770 89 2
1045 90 2
33 92 2
161 94 2
1190 96 2
520 97 2
68 98 2
252 98 2
1084 98 2
766 100 2
787 100 2
139 102 2
672 103 2
859 104 2
911 104 2
1226 105 2
132 110 2
996 111 2
31 112 2
884 114 2
69 115 2
1026 118 2
292 119 2
456 121 2
528 121 2
259 122 2
1113 122 2
573 124 2
232 126 2
1054 128 2
963 129 2
503 133 2
613 135 2
571 138 2
711 140 2
805 141 2
173 145 2
667 150 2
1115 185 2
1256 190 2
495 191 2
446 192 2
49 193 2
1210 194 2
1240 194 2
119 196 2
1093 197 2
1150 197 2
34 200 2
50 200 2
1062 207 2
70 210 2
150 214 2
1239 214 2
1080 218 2
434 225 2
1115 226 2
167 227 2
1182 242 2
1107 254 2
40 256 2
1249 256 2
1210 267 2
881 535 2
198 537 2
1179 538 2
450 547 2
761 552 2
570 563 2
1028 563 2
779 567 2
919 576 2
1082 576 2
735 580 2
466 583 2
365 587 2
237 589 2
1205 589 2
902 596 2
974 596 2
284 598 2
668 613 2
828 633 2
167 640 2
100 641 2
625 650 2
52 681 2