261 134 1
334 150 1
691 158 1
297 220 1
277 240 1
461 6 2
308 8 2
167 10 2
601 10 2
628 11 2
385 12 2
765 12 2
273 14 2
437 14 2
177 16 2
564 16 2
156 20 2
348 24 2
454 25 2
644 27 2
240 30 2
340 30 2
502 31 2
571 31 2
313 33 2
265 35 2
156 39 2
322 39 2
611 43 2
101 47 2
423 47 2
234 50 2
385 51 2
499 53 2
648 54 2
275 57 2
467 57 2
59 59 2
149 67 2
579 68 2
192 69 2
288 69 2
545 69 2
614 69 2
677 70 2
367 74 2
409 75 2
256 77 2
511 77 2
342 79 2
763 79 2
443 84 2
597 85 2
58 86 2
631 88 2
180 89 2
226 89 2
550 90 2
479 92 2
145 93 2
84 97 2
645 102 2
300 103 2
366 105 2
48 106 2
527 106 2
442 109 2
167 110 2
411 112 2
678 113 2
333 115 2
478 136 2
63 139 2
668 142 2
183 144 2
437 145 2
121 150 2
441 150 2
169 155 2
409 155 2
491 156 2
506 169 2
199 172 2
658 173 2
165 174 2
415 175 2
603 178 2
546 180 2
125 182 2
506 183 2
71 185 2
466 188 2
391 192 2
501 200 2
562 201 2
189 202 2
139 222 2
71 223 2
106 223 2
188 239 2
614 282 2
474 390 2