298 145 1
1884 145 1
693 253 1
1944 260 1
1999 260 1
1188 273 1
2059 278 1
285 305 1
1644 310 1
105 320 1
1859 330 1
83 333 1
896 415 1
1051 463 1
1484 480 1
1556 535 1
398 18 2
1352 18 2
2060 20 2
80 23 2
1210 24 2
1644 24 2
1457 26 2
1990 29 2
1569 31 2
235 34 2
573 35 2
174 39 2
358 40 2
525 48 2
2119 48 2
1138 54 2
2084 60 2
482 74 2
547 81 2
1938 85 2
1630 86 2
1595 99 2
1406 100 2
472 113 2
1526 115 2
2015 120 2
2079 124 2
55 136 2
368 138 2
600 138 2
470 143 2
129 148 2
1631 158 2
1666 170 2
1534 191 2
191 208 2
1180 235 2
916 256 2
78 258 2
1014 270 2
908 320 2
966 328 2
749 428 2
943 430 2
983 442 2
971 906 2
663 911 2
420 968 2