1246 58 1
766 60 1
960 71 1
1746 76 1
1598 77 1
820 84 1
500 86 1
1692 94 1
1276 111 1
706 126 1
376 133 1
1248 134 1
1703 136 1
1453 138 1
76 152 1
1524 4 2
1189 5 2
1748 6 2
1312 8 2
1048 19 2
265 20 2
351 20 2
1104 20 2
1400 22 2
1449 27 2
1649 28 2
90 31 2
303 31 2
1501 31 2
1304 42 2
91 58 2
1031 59 2
1518 61 2
220 63 2
296 64 2
158 74 2
363 82 2
205 92 2
1383 93 2
394 98 2
166 110 2
276 110 2
1107 115 2
76 126 2
261 219 2
182 222 2
1114 222 2
1104 244 2
1127 259 2
188 289 2
264 289 2
450 652 2
574 696 2
272 700 2
1387 700 2
1764 705 2
1554 718 2
36 730 2
341 740 2
594 761 2
1839 766 2
1394 769 2
1141 774 2
1058 779 2
888 791 2
754 818 2