2551 20 1
2404 43 1
1747 83 1
978 159 1
1618 210 1
2650 440 1
1005 10 2
888 12 2
1300 12 2
1443 17 2
2083 19 2
930 20 2
1163 22 2
1868 22 2
165 35 2
772 42 2
619 46 2
2168 57 2
302 61 2
2002 62 2
464 64 2
1311 86 2
747 123 2
1883 133 2
1214 174 2
553 204 2
197 206 2
391 221 2
265 229 2
418 231 2
1822 238 2
1342 253 2
603 258 2
1289 263 2
1874 263 2
725 266 2
1955 271 2
2115 271 2
2031 283 2
403 297 2
1053 297 2
1852 300 2
2842 302 2
1999 303 2
868 305 2
570 317 2
1224 327 2
2115 342 2
2071 344 2
1359 351 2
2425 359 2
654 364 2
1921 364 2
2152 376 2
239 381 2
162 401 2
467 421 2
162 516 2
84 600 2
1884 895 2
630 949 2
2746 962 2
347 993 2
1234 996 2
1561 1016 2
861 1023 2
1128 1030 2