2123 58 1
289 111 1
2141 115 1
563 185 1
1365 185 1
1218 215 1
2423 248 1
2426 301 1
491 7 2
346 11 2
2218 11 2
1858 16 2
1413 18 2
1730 18 2
405 22 2
674 23 2
1458 24 2
2529 25 2
328 26 2
2390 26 2
251 29 2
448 31 2
616 32 2
517 34 2
1551 34 2
1960 35 2
68 37 2
157 37 2
1171 38 2
1660 40 2
2305 40 2
1883 53 2
1051 54 2
1291 67 2
1395 67 2
1839 70 2
2360 74 2
2004 80 2
361 82 2
2697 83 2
2607 89 2
2252 92 2
2463 92 2
1723 94 2
451 95 2
549 101 2
2556 104 2
772 110 2
1431 126 2
2665 143 2
499 146 2
399 151 2
1632 162 2
2451 164 2
701 180 2
1029 180 2
86 185 2
517 186 2
2357 188 2
2622 192 2
303 195 2
659 197 2
840 198 2
1269 199 2
2475 199 2
1500 206 2
1162 212 2
1118 219 2
1735 219 2
2007 222 2
97 228 2
2576 230 2
2041 241 2
1579 245 2
977 246 2
1947 253 2
2009 263 2
718 264 2
1887 265 2
1707 275 2
2713 279 2
1554 282 2
1620 294 2
1038 301 2
836 350 2
1978 351 2
381 355 2
101 360 2
26 362 2
487 364 2
2685 368 2
1847 387 2
2326 421 2
2658 424 2
333 432 2
2649 753 2
2125 1049 2
677 1112 2
80 1153 2
913 1166 2
1587 1175 2
1291 1188 2
386 1199 2
213 1217 2