2137 27 1
1219 70 1
1583 75 1
399 87 1
1112 98 1
612 119 1
492 130 1
2191 131 1
240 162 1
1708 194 1
179 242 1
364 250 1
1584 263 1
333 266 1
2363 274 1
2214 314 1
2504 352 1
58 364 1
1597 449 1
1025 481 1
1636 481 1
860 529 1
807 8 2
1703 10 2
2268 11 2
1257 13 2
482 14 2
2030 14 2
195 16 2
1398 16 2
2619 18 2
1557 32 2
1895 32 2
1725 35 2
673 37 2
280 42 2
157 43 2
35 46 2
340 46 2
899 53 2
532 54 2
1985 58 2
1403 62 2
618 66 2
2355 67 2
2499 69 2
1852 70 2
1430 75 2
1725 85 2
2613 87 2
128 95 2
2345 104 2
903 114 2
1057 119 2
1722 120 2
1863 130 2
753 131 2
2491 151 2
771 160 2
1421 163 2
2585 167 2
913 192 2
897 245 2
921 325 2
1933 360 2
902 386 2
1861 481 2
1717 969 2