1881 34 1
380 55 1
2017 55 1
414 76 1
983 97 1
1881 108 1
1270 118 1
1808 132 1
2462 140 1
927 159 1
332 187 1
2258 219 1
2049 455 1
709 5 2
2345 5 2
1162 6 2
1055 8 2
821 9 2
1407 10 2
1747 10 2
2159 13 2
2626 13 2
1607 14 2
1913 23 2
1328 41 2
2484 47 2
1532 62 2
1640 62 2
872 64 2
2803 67 2
1213 69 2
2264 69 2
786 72 2
1054 76 2
231 79 2
296 81 2
2381 84 2
880 108 2
2680 111 2
510 116 2
675 118 2
2295 122 2
159 123 2
1483 126 2
1633 135 2
617 136 2
2198 144 2
2737 179 2
633 211 2
2714 225 2
711 235 2
800 238 2
99 258 2
1613 281 2
1112 350 2
1525 404 2
631 428 2
83 431 2
730 435 2
792 449 2
1548 459 2
782 474 2
1489 474 2
88 484 2
38 488 2
2671 488 2
730 491 2
629 494 2
2790 774 2
268 914 2
658 980 2
919 997 2
1500 1032 2
634 1045 2
927 1053 2
2184 1060 2
1408 1078 2
57 1088 2
1569 1106 2
895 1115 2
1153 1131 2
1108 1177 2
2687 1181 2
2480 1243 2