2620 46 1
550 100 1
2503 111 1
1596 128 1
290 134 1
2576 135 1
1701 158 1
321 159 1
2409 162 1
2136 165 1
2660 173 1
445 176 1
1557 200 1
354 211 1
218 219 1
1023 219 1
1700 234 1
780 240 1
1135 267 1
1448 319 1
2110 345 1
1757 621 1
1411 6 2
1238 8 2
1460 9 2
130 17 2
1013 18 2
1314 20 2
1605 22 2
1072 24 2
805 25 2
1895 25 2
2795 25 2
342 28 2
2044 29 2
556 36 2
902 42 2
1287 45 2
1306 55 2
1485 55 2
1528 55 2
2221 57 2
416 64 2
1191 67 2
2156 67 2
1393 70 2
999 73 2
1646 73 2
1758 73 2
1142 74 2
2554 79 2
716 81 2
2264 84 2
2096 85 2
607 88 2
2006 88 2
889 89 2
2150 90 2
1888 92 2
1944 92 2
1561 103 2
2782 106 2
777 111 2
2428 111 2
1351 113 2
1444 113 2
941 116 2
2299 120 2
1072 122 2
2042 123 2
1011 126 2
1200 126 2
1730 131 2
1230 134 2
1318 139 2
1823 140 2
24 144 2
654 145 2
724 151 2
1492 151 2
874 160 2
1973 164 2
2025 168 2
2825 169 2
1163 170 2
1741 170 2
1216 178 2
1275 178 2
2769 179 2
2332 188 2
1815 192 2
1918 200 2
2299 215 2
1892 239 2
1940 261 2
2033 268 2
23 438 2
1014 504 2
37 561 2
903 733 2
826 901 2
1561 986 2
1965 1024 2
2860 1028 2
2048 1046 2
1652 1049 2
799 1075 2
653 1119 2
318 1141 2
992 1147 2