335 86 1
507 93 1
295 96 1
270 100 1
463 105 1
244 107 1
512 108 1
530 111 1
323 114 1
397 116 1
219 123 1
285 131 1
357 131 1
328 138 1
258 147 1
349 148 1
447 150 1
367 155 1
609 163 1
402 303 1
340 41 2
218 43 2
348 43 2
677 44 2
388 46 2
521 46 2
419 48 2
333 49 2
479 51 2
98 52 2
16 53 2
141 59 2
145 59 2
415 62 2
263 63 2
586 63 2
649 63 2
247 67 2
131 68 2
54 73 2
223 76 2
567 77 2
273 81 2
531 82 2
571 84 2
53 85 2
115 85 2
150 86 2
393 88 2
411 89 2
532 91 2
195 96 2
647 101 2
100 103 2
551 103 2
671 104 2
188 106 2
99 115 2
683 117 2