347 16 1
172 31 1
215 41 1
270 47 1
435 57 1
468 75 1
247 102 1
473 3 2
41 4 2
150 4 2
424 5 2
115 6 2
29 9 2
63 9 2
374 9 2
445 10 2
93 16 2
173 17 2
499 19 2
65 22 2
449 22 2
142 25 2
406 25 2
8 26 2
209 29 2
520 29 2
551 30 2
117 33 2
71 36 2
439 39 2
466 44 2
63 51 2
106 52 2
32 53 2
486 54 2
142 56 2
150 56 2
535 59 2
521 65 2
94 66 2
51 67 2
123 75 2
554 77 2
301 80 2
39 89 2
110 90 2
67 95 2
423 95 2
555 103 2
92 104 2
325 104 2
16 106 2
46 107 2
304 113 2
83 126 2
29 131 2
295 135 2
179 138 2
532 138 2
160 142 2
82 149 2
17 150 2
68 150 2
4 163 2
153 164 2
542 169 2
44 174 2
178 174 2
312 175 2