115 51 1
349 72 1
220 79 1
462 91 1
373 6 2
412 6 2
233 9 2
659 10 2
89 13 2
295 13 2
497 13 2
329 14 2
541 20 2
624 24 2
404 37 2
185 38 2
359 41 2
675 42 2
23 43 2
313 46 2
431 49 2
601 49 2
82 50 2
568 53 2
169 61 2
455 72 2
497 72 2
293 73 2
610 73 2
261 74 2
419 79 2
659 79 2
58 84 2
401 99 2
639 103 2
3 191 2
49 193 2
693 211 2
23 215 2
63 222 2
5 233 2
386 234 2
432 243 2
651 247 2
468 249 2
660 259 2
495 261 2
449 264 2
634 271 2
402 274 2
474 281 2
685 284 2
415 301 2
436 301 2
425 322 2