241 44 1
295 79 1
379 79 1
539 200 1
558 202 1
160 17 2
21 87 2
114 88 2
44 103 2
104 103 2
13 109 2
86 110 2
128 111 2
59 117 2
20 120 2
63 125 2
171 135 2
524 138 2
151 139 2
470 142 2
138 143 2
111 144 2
166 145 2
453 145 2
74 150 2
142 154 2
60 156 2
537 157 2
487 159 2
508 165 2
469 169 2
579 172 2
49 174 2
519 177 2
553 178 2
483 182 2
8 187 2
165 187 2
47 193 2
23 198 2
463 202 2
63 204 2
519 205 2
451 206 2
596 228 2
533 231 2
517 233 2
15 237 2
6 238 2
478 239 2
569 239 2
491 240 2
25 243 2
586 245 2
501 249 2
42 253 2
519 257 2
24 263 2
475 269 2
565 273 2
485 279 2
551 283 2
587 285 2
525 286 2
13 291 2
581 292 2
525 295 2
491 299 2
545 303 2
566 303 2
587 305 2
554 319 2
515 339 2
587 355 2
531 361 2