597 74 1
482 157 1
1126 235 1
238 6 2
832 10 2
1000 19 2
289 21 2
1150 31 2
922 32 2
1046 34 2
75 42 2
191 42 2
141 82 2
1168 82 2
257 95 2
405 115 2
957 115 2
456 116 2
1036 116 2
17 120 2
814 120 2
572 121 2
293 127 2
225 133 2
77 149 2
152 149 2
429 151 2
1172 153 2
561 161 2
1135 164 2
832 167 2
958 174 2
1069 185 2
1001 188 2
280 190 2
228 200 2
416 201 2
331 207 2
894 208 2
31 210 2
185 218 2
129 226 2
815 238 2
384 250 2
961 260 2
68 270 2
321 283 2
829 285 2
256 298 2
996 306 2
958 346 2
330 379 2
226 394 2
110 407 2
188 543 2