200 40 1
397 79 1
509 87 1
323 180 1
516 199 1
630 268 1
421 2 2
55 3 2
151 3 2
355 3 2
181 4 2
323 4 2
212 5 2
109 11 2
128 11 2
333 15 2
406 15 2
89 16 2
230 17 2
261 22 2
437 25 2
383 26 2
413 27 2
315 28 2
71 30 2
286 33 2
135 34 2
52 35 2
477 35 2
449 37 2
23 41 2
396 41 2
95 42 2
379 43 2
297 49 2
35 51 2
343 51 2
120 52 2
232 53 2
267 57 2
65 60 2
459 61 2
486 61 2
307 65 2
117 69 2
327 71 2
277 76 2
250 77 2
352 77 2
465 77 2
431 78 2
575 78 2
548 88 2
259 94 2
220 96 2
44 98 2
24 99 2
295 101 2
469 101 2
88 103 2
643 103 2
591 105 2
355 111 2
655 112 2
545 113 2
72 115 2
445 116 2
10 117 2
624 120 2
691 122 2
49 123 2
683 125 2
75 132 2
284 134 2
93 136 2
278 145 2
639 147 2
585 148 2
561 149 2
695 161 2
66 163 2
611 163 2
577 164 2
24 167 2
41 179 2
697 187 2
680 188 2
45 195 2
12 197 2
669 215 2
55 216 2
657 229 2
50 235 2
687 260 2
27 270 2
676 274 2
659 291 2
10 297 2
36 310 2
667 311 2
645 319 2
9 323 2
37 332 2
677 337 2
631 349 2
5 351 2
613 355 2
644 360 2
671 363 2
603 372 2
653 375 2
39 387 2
71 388 2
24 389 2
4 391 2
549 392 2
619 397 2
675 411 2
539 417 2
583 419 2
49 423 2
12 425 2
163 426 2
549 431 2
147 433 2
680 433 2
562 436 2
137 439 2
626 439 2