399 43 1
505 65 1
292 81 1
331 99 1
133 115 1
215 121 1
74 143 1
128 323 1
445 1 2
57 3 2
450 3 2
33 4 2
348 4 2
404 4 2
427 4 2
5 5 2
185 5 2
264 5 2
507 5 2
567 5 2
628 5 2
646 5 2
163 6 2
221 6 2
278 9 2
417 10 2
298 11 2
324 11 2
262 13 2
339 13 2
593 13 2
315 14 2
372 15 2
292 16 2
211 17 2
240 17 2
389 17 2
487 17 2
499 17 2
150 19 2
11 21 2
189 21 2
299 21 2
563 21 2
230 23 2
256 24 2
41 25 2
309 25 2
332 27 2
363 27 2
205 28 2
351 29 2
387 29 2
144 30 2
160 31 2
176 31 2
647 31 2
320 32 2
536 33 2
561 33 2
219 35 2
299 35 2
4 37 2
246 37 2
277 37 2
329 37 2
195 38 2
147 40 2
234 42 2
293 47 2
529 49 2
336 50 2
204 51 2
625 51 2
665 53 2
190 54 2
1 55 2
135 55 2
241 55 2
159 57 2
591 57 2
560 58 2
359 59 2
527 59 2
18 61 2
106 63 2
171 63 2
289 63 2
639 64 2
129 65 2
203 66 2
610 67 2
185 68 2
36 69 2
98 69 2
310 69 2
231 70 2
217 71 2
336 71 2
527 71 2
119 73 2
597 73 2
556 74 2
446 75 2
621 76 2
80 78 2
308 78 2
519 81 2
58 83 2
192 84 2
26 85 2
582 87 2
6 89 2
131 89 2
498 89 2
531 90 2
157 95 2
547 98 2
555 99 2
145 100 2
525 102 2
93 112 2
500 268 2
214 270 2