524 53 1
726 53 1
667 72 1
357 89 1
484 124 1
295 129 1
166 133 1
117 3 2
187 5 2
895 10 2
60 14 2
906 16 2
1062 18 2
232 20 2
190 34 2
284 35 2
664 35 2
1153 37 2
895 40 2
312 41 2
981 41 2
387 45 2
368 46 2
1146 49 2
59 67 2
196 68 2
244 74 2
1122 83 2
243 135 2
1143 175 2
1033 179 2
1060 188 2
929 193 2
77 200 2
46 212 2
244 225 2
805 226 2
559 227 2
913 229 2
1019 233 2
218 234 2
936 235 2
1106 236 2
623 239 2
587 240 2
4 241 2
568 241 2
1055 249 2
39 254 2
547 255 2
273 266 2
1004 271 2
539 288 2
923 339 2
298 619 2
708 643 2
85 654 2