762 349 1
1681 390 1
1387 433 1
1223 434 1
712 711 1
154 97 2
1499 100 2
1386 131 2
1040 136 2
426 141 2
889 154 2
1255 154 2
634 156 2
785 163 2
511 175 2
1594 175 2
1311 176 2
1243 178 2
124 181 2
1196 197 2
1435 204 2
1543 222 2
724 227 2
1396 227 2
568 241 2
239 244 2
451 251 2
181 256 2
851 258 2
51 266 2
1577 283 2
748 293 2
1170 297 2
1019 314 2
1455 314 2
577 339 2
315 348 2
1301 360 2
709 361 2
1126 370 2
117 388 2
1245 388 2
226 397 2
361 410 2
1309 426 2
514 443 2
636 456 2
736 475 2
42 492 2
594 500 2
137 502 2
711 522 2
536 546 2
1906 558 2
83 567 2
466 617 2
539 622 2
536 702 2
431 728 2
556 765 2
1594 782 2
499 789 2
672 789 2
392 792 2
1603 814 2
583 853 2
1835 858 2
677 870 2
779 901 2
1822 902 2