724 19 1
705 129 1
171 137 1
265 151 1
380 231 1
601 285 1
444 433 1
347 3 2
637 3 2
280 4 2
616 4 2
233 5 2
468 5 2
270 6 2
415 6 2
169 7 2
346 7 2
375 7 2
391 7 2
409 8 2
588 8 2
218 9 2
194 10 2
203 10 2
497 10 2
612 10 2
652 10 2
670 10 2
603 11 2
567 12 2
133 13 2
625 16 2
874 16 2
61 17 2
18 18 2
548 18 2
562 18 2
666 18 2
885 18 2
48 19 2
237 19 2
259 19 2
9 20 2
21 20 2
32 21 2
677 21 2
855 21 2
36 23 2
51 23 2
516 23 2
582 23 2
628 23 2
829 23 2
839 23 2
112 24 2
505 24 2
70 25 2
866 25 2
596 26 2
659 26 2
807 27 2
856 27 2
819 28 2
834 28 2
18 31 2
36 31 2
59 31 2
606 31 2
46 32 2
534 32 2
674 32 2
519 33 2
550 33 2
583 33 2
593 33 2
616 33 2
2 34 2
568 34 2
185 36 2
197 36 2
214 36 2
685 36 2
831 36 2
607 37 2
38 38 2
167 38 2
225 38 2
505 38 2
375 39 2
25 40 2
158 40 2
337 40 2
406 40 2
519 40 2
9 41 2
52 41 2
575 41 2
636 42 2
506 43 2
652 43 2
809 43 2
845 43 2
194 45 2
561 45 2
28 46 2
58 46 2
450 46 2
350 47 2
42 48 2
674 48 2
897 48 2
402 49 2
434 50 2
176 51 2
254 51 2
317 51 2
371 51 2
410 51 2
615 51 2
630 51 2
10 52 2
37 52 2
544 52 2
4 53 2
155 53 2
602 53 2
684 53 2
46 54 2
530 54 2
561 54 2
578 54 2
351 55 2
897 55 2
140 56 2
594 56 2
17 57 2
266 57 2
387 57 2
881 57 2
23 58 2
171 58 2
228 58 2
244 58 2
280 58 2
333 58 2
191 59 2
298 59 2
154 60 2
543 60 2
528 61 2
655 61 2
858 61 2
76 62 2
843 62 2
506 63 2
674 63 2
692 63 2
886 63 2
589 65 2
850 65 2
52 66 2
160 66 2
182 66 2
199 66 2
222 66 2
346 66 2
633 66 2
145 67 2
238 67 2
294 67 2
31 68 2
129 68 2
315 68 2
369 68 2
449 68 2
513 68 2
528 68 2
677 68 2
65 69 2
254 70 2
38 71 2
344 71 2
432 71 2
566 71 2
819 71 2
234 72 2
272 72 2
288 72 2
903 72 2
307 73 2
645 73 2
327 74 2
335 74 2
213 75 2
664 76 2
365 78 2
428 78 2
810 78 2
827 78 2
119 79 2
405 79 2
535 79 2
889 79 2
129 80 2
187 80 2
171 81 2
396 81 2
421 81 2
111 82 2
147 82 2
252 82 2
149 83 2
513 83 2
213 84 2
346 84 2
48 85 2
292 85 2
528 85 2
225 86 2
282 86 2
542 86 2
635 86 2
708 86 2
160 87 2
378 87 2
614 87 2
854 87 2
320 88 2
670 88 2
688 88 2
108 89 2
345 89 2
677 89 2
140 90 2
261 90 2
304 90 2
865 91 2
578 93 2
119 94 2
361 94 2
382 94 2
510 94 2
655 94 2
536 95 2
200 96 2
626 96 2
649 96 2
693 96 2
589 97 2
289 98 2
58 99 2
134 99 2
845 99 2
563 101 2
621 101 2
604 102 2
895 102 2
315 103 2
322 106 2
404 106 2
145 107 2
545 108 2
568 109 2
574 109 2
614 109 2
62 111 2
401 111 2
454 111 2
121 112 2
513 112 2
600 112 2
67 113 2
450 117 2
402 119 2
426 119 2
523 119 2
545 119 2
378 120 2
368 122 2
110 124 2
110 126 2
9 127 2
921 127 2
543 129 2
527 132 2
377 133 2
356 135 2
544 135 2
62 136 2
342 136 2
419 137 2
528 137 2
571 137 2
366 138 2
575 138 2
30 139 2
443 140 2
3 142 2
600 143 2
111 145 2
40 148 2
233 149 2
19 150 2
370 150 2
399 150 2
119 152 2
582 153 2
353 154 2
391 156 2
312 159 2
222 162 2
34 163 2
494 164 2
509 164 2
596 164 2
12 166 2
25 166 2
462 166 2
526 166 2
537 166 2
194 167 2
569 167 2
332 168 2
344 170 2
374 170 2
360 171 2
211 172 2
552 173 2
564 174 2
295 175 2
314 175 2
367 175 2
416 175 2
525 177 2
304 178 2
347 178 2
335 179 2
397 180 2
586 182 2
452 183 2
293 184 2
354 186 2
342 205 2
320 211 2