1542 323 1
1462 326 1
1579 326 1
1434 328 1
1499 330 1
1349 331 1
1448 340 1
1517 340 1
1387 342 1
1428 342 1
1218 343 1
1312 345 1
1492 345 1
1403 346 1
1064 347 1
1173 347 1
1287 347 1
1331 351 1
1123 352 1
1144 354 1
1266 354 1
1593 354 1
1240 358 1
1880 359 1
1190 361 1
1696 361 1
771 362 1
1024 362 1
995 367 1
837 368 1
874 368 1
902 368 1
972 368 1
2040 368 1
711 371 1
1958 371 1
1062 374 1
929 375 1
655 385 1
2185 385 1
563 386 1
723 388 1
377 389 1
642 390 1
1512 392 1
477 394 1
502 396 1
805 405 1
401 407 1
598 408 1
877 412 1
385 423 1
879 428 1
2336 428 1
632 429 1
584 430 1
825 430 1
2305 431 1
603 432 1
370 434 1
482 434 1
200 441 1
937 441 1
179 449 1
114 451 1
358 453 1
620 462 1
161 468 1
40 474 1
665 475 1
369 486 1
73 488 1
1018 489 1
700 519 1
324 528 1
1064 530 1
1178 536 1
1337 559 1
287 568 1
706 576 1
319 596 1
783 610 1
1474 641 1
1738 673 1
236 704 1
970 741 1
319 750 1
196 832 1
1061 900 1
321 952 1