1827 539 1
1909 544 1
1896 548 1
1857 549 1
1691 550 1
1863 552 1
1884 553 1
1716 561 1
1808 563 1
1620 565 1
1784 565 1
1749 567 1
1659 568 1
1839 570 1
1802 519 2
1765 522 2
1790 522 2
1893 522 2
1688 524 2
1719 530 2
1638 531 2
1666 531 2
1880 533 2
1814 535 2
1571 541 2
1608 541 2
1035 551 2
1342 551 2
1281 556 2
1306 561 2
1196 563 2
1053 570 2
924 580 2
946 582 2
1065 587 2
1160 589 2
1018 590 2
514 597 2
1133 599 2
395 617 2
1186 619 2
634 622 2
728 624 2
775 638 2
717 639 2
539 653 2
668 655 2
119 656 2
946 661 2
1133 677 2
368 685 2
621 712 2
58 792 2