1644 341 1
1594 348 1
1521 353 1
1654 353 1
1537 356 1
1615 356 1
1511 366 1
1494 368 1
1437 393 1
1401 395 1
1345 404 1
1291 416 1
1230 441 1
1243 446 1
1119 463 1
1072 466 1
1169 482 1
923 497 1
985 504 1
782 509 1
867 521 1
692 527 1
940 541 1
833 546 1
622 561 1
500 570 1
779 585 1
646 604 1
426 611 1
275 617 1
497 643 1
81 675 1
414 677 1
241 697 1
27 804 1
1906 236 2
1891 258 2
1871 260 2
1754 321 2
1496 346 2
1342 361 2
1031 424 2
775 466 2
134 497 2
192 533 2
310 550 2
538 556 2
81 636 2