1806 312 1
1747 315 1
1698 327 1
1854 332 1
1730 334 1
1837 351 1
1679 353 1
1615 354 1
1550 380 1
1426 426 1
1352 436 1
1006 438 1
1225 439 1
933 444 1
1147 455 1
1075 465 1
885 478 1
770 488 1
867 499 1
1252 504 1
801 536 1
595 555 1
505 561 1
1306 570 1
665 589 1
1744 287 2
1844 292 2
1698 295 2
1900 295 2
1628 305 2
1608 330 2
1549 331 2
785 337 2
1213 348 2
1372 361 2
128 362 2
1240 371 2
1006 377 2
1089 377 2
160 381 2
1152 385 2
1265 388 2
284 389 2
933 393 2
872 407 2
1047 409 2
1189 412 2
775 431 2
736 434 2
790 448 2
600 449 2
399 456 2
516 458 2
488 475 2
12 519 2
343 539 2
416 541 2