906 297 1
885 299 1
875 304 1
848 305 1
731 334 1
719 336 1
638 356 1
680 356 1
624 368 1
655 373 1
585 383 1
551 385 1
446 392 1
529 397 1
468 439 1
354 441 1
110 456 1
270 468 1
136 494 1
103 522 1
27 551 1
1386 103 2
1601 103 2
1582 110 2
1213 183 2
1228 183 2
1118 187 2
1221 190 2
1164 193 2
1191 210 2
806 248 2
872 253 2
1272 254 2
1060 256 2
821 270 2
1074 273 2
863 275 2
777 280 2
941 282 2
1006 282 2
836 287 2
865 287 2
789 292 2
695 295 2
1160 299 2
741 304 2
678 307 2
1179 307 2
1591 334 2
472 339 2
690 341 2
843 344 2
589 356 2
958 373 2
873 382 2
287 390 2