1062 234 1
1031 244 1
1016 253 1
946 258 1
974 263 1
948 268 1
999 268 1
977 275 1
919 280 1
758 285 1
879 285 1
745 287 1
834 287 1
785 288 1
819 292 1
901 295 1
836 305 1
733 309 1
753 310 1
875 312 1
694 314 1
785 317 1
651 322 1
672 326 1
716 332 1
818 332 1
516 334 1
546 343 1
626 343 1
665 343 1
699 351 1
602 365 1
468 382 1
448 397 1
244 405 1
589 405 1
110 429 1
166 438 1
204 438 1
1328 81 2
1243 231 2
870 266 2
833 270 2
745 271 2
661 299 2
636 312 2
614 317 2
1547 331 2
468 332 2
734 370 2