1172 224 1
1125 226 1
1186 229 1
1157 237 1
1148 241 1
1164 244 1
1123 246 1
1180 249 1
1128 254 1
1138 256 1
953 276 1
921 283 1
880 287 1
943 299 1
902 302 1
870 314 1
772 315 1
792 315 1
818 324 1
828 324 1
639 334 1
773 334 1
682 336 1
745 339 1
823 348 1
707 363 1
634 383 1
651 388 1
600 390 1
565 404 1
516 407 1
463 410 1
373 421 1
414 431 1
283 461 1
219 477 1
27 500 1
165 504 1
109 514 1
1311 100 2
1579 102 2
1552 124 2
919 270 2
777 290 2
797 290 2
587 300 2
648 312 2
553 326 2
590 341 2
511 351 2
456 361 2
485 361 2
1576 383 2
253 400 2
268 404 2
171 409 2
80 436 2
56 449 2