987 237 1
1036 244 1
1011 254 1
984 258 1
916 260 1
1028 261 1
938 263 1
960 265 1
901 268 1
958 283 1
873 293 1
831 307 1
816 312 1
790 321 1
758 324 1
721 326 1
678 329 1
621 358 1
592 366 1
487 375 1
441 388 1
531 393 1
1588 47 2
1286 54 2
1566 56 2
1542 68 2
1199 175 2
1177 179 2
1204 191 2
1185 195 2
1195 195 2
1045 203 2
1169 206 2
897 249 2
807 261 2
846 271 2
694 273 2
765 276 2
802 276 2
821 276 2
736 283 2
668 302 2
609 304 2
680 310 2
544 317 2
490 324 2
534 334 2
1586 363 2
304 417 2
214 431 2
95 475 2