443 522 1
741 541 1
487 543 1
879 543 1
375 550 1
692 550 1
821 550 1
544 556 1
600 556 1
456 565 1
952 565 1
1123 565 1
1294 565 1
1330 567 1
543 568 1
606 570 1
706 570 1
999 572 1
799 573 1
1162 575 1
1265 577 1
1572 580 1
568 582 1
1543 582 1
653 583 1
1294 583 1
1413 583 1
851 590 1
1074 590 1
980 592 1
1711 600 1
1873 604 1
1264 607 1
1169 614 1
1742 622 1
904 368 2
960 424 2
482 460 2
887 463 2
512 480 2
651 488 2
809 502 2
587 511 2
1382 514 2
775 517 2
565 522 2
1165 541 2
1586 543 2
1450 553 2
1725 553 2
1857 561 2