519 507 1
361 509 1
453 511 1
816 594 1
714 595 1
209 478 2
1803 479 2
1783 480 2
1397 515 2
1652 518 2
1683 521 2
81 524 2
1772 525 2
1715 527 2
1819 528 2
1186 529 2
1196 529 2
1839 529 2
1218 531 2
1632 532 2
1829 535 2
1904 535 2
1043 536 2
1270 540 2
1892 540 2
348 541 2
794 543 2
1432 544 2
1759 544 2
626 546 2
1009 546 2
1907 546 2
1128 548 2
1379 550 2
1865 550 2
1803 551 2
1400 552 2
968 553 2
1070 553 2
1791 553 2
797 555 2
670 556 2
1157 556 2
1643 559 2
1896 559 2
1265 563 2
309 580 2
1546 580 2
346 656 2