1528 438 1
1231 439 1
1635 441 1
1291 443 1
1593 444 1
1191 451 1
1477 451 1
1540 451 1
1372 453 1
1277 455 1
1423 456 1
1450 456 1
1342 460 1
1147 461 1
967 463 1
1364 463 1
1387 465 1
1131 466 1
1197 470 1
1097 473 1
899 477 1
190 478 1
326 480 1
1138 482 1
997 483 1
1067 483 1
636 485 1
809 485 1
865 490 1
1265 490 1
431 494 1
741 494 1
546 495 1
295 502 1
112 505 1
85 519 1
27 534 1
1633 393 2
1854 396 2
1577 397 2
1731 399 2
1772 404 2
1550 407 2
1845 412 2
1277 414 2
1386 416 2
1082 422 2
1862 422 2
1888 425 2
1569 427 2
1819 427 2
1167 431 2
1801 431 2
1878 435 2
575 436 2
863 438 2
1257 438 2
1104 441 2
409 443 2
477 448 2
709 448 2
451 449 2
22 500 2