1790 424 1
1807 424 1
1753 426 1
1694 427 1
1453 429 1
1506 429 1
1719 429 1
1413 434 1
1480 435 1
1710 435 1
1547 437 1
1638 437 1
1657 437 1
1611 443 1
1592 445 1
1568 447 1
1188 448 1
1268 450 1
1434 450 1
777 453 1
951 455 1
1349 455 1
1380 455 1
1142 458 1
1289 459 1
762 464 1
1332 464 1
1042 466 1
1088 466 1
826 474 1
1724 388 2
1764 388 2
1694 392 2
1782 396 2
1850 396 2
1895 397 2
1455 405 2
1522 405 2
1881 407 2
1635 408 2
1434 412 2
1239 413 2
1908 418 2
1069 421 2
750 423 2
713 424 2
1375 424 2
759 426 2
831 426 2
938 432 2