1247 254 1
534 266 1
1267 288 1
494 290 1
1089 309 1
1031 319 1
953 322 1
901 338 1
882 348 1
434 416 1
1871 144 2
1901 148 2
1844 150 2
1345 156 2
1790 163 2
1806 163 2
1822 163 2
1043 167 2
1268 167 2
1129 169 2
1404 169 2
1415 174 2
1616 177 2
1520 180 2
1254 182 2
1333 182 2
1585 183 2
1365 185 2
1451 188 2
1129 190 2
1270 190 2
936 195 2
1236 195 2
994 197 2
1340 199 2
1415 203 2
1243 207 2
1319 211 2
1175 214 2
816 227 2
955 236 2
719 246 2
1035 260 2
1138 260 2
531 312 2
721 334 2
27 405 2
92 433 2