271 500 1
332 502 1
356 507 1
392 509 1
346 511 1
202 516 1
331 516 1
231 517 1
314 517 1
422 517 1
261 519 1
407 519 1
360 522 1
458 524 1
485 524 1
448 527 1
188 529 1
202 529 1
726 529 1
280 531 1
738 531 1
546 533 1
816 533 1
606 534 1
446 536 1
527 538 1
229 541 1
567 541 1
254 543 1
329 543 1
414 543 1
536 543 1
780 543 1
282 544 1
390 548 1
675 555 1
685 572 1
1637 451 2
1421 455 2
1091 472 2
977 477 2
626 482 2
753 487 2
902 487 2
985 490 2
41 494 2
134 495 2
1432 495 2
802 499 2
63 500 2
1269 500 2
1118 502 2
93 509 2
1050 531 2