682 550 1
726 558 1
265 563 1
388 567 1
215 573 1
619 580 1
551 582 1
210 583 1
609 585 1
460 594 1
214 599 1
392 606 1
39 607 1
338 611 1
100 633 1
85 680 1
1820 370 2
1809 373 2
1800 374 2
1790 375 2
1730 377 2
1744 377 2
1718 378 2
1710 379 2
1697 380 2
1771 380 2
1681 383 2
1655 387 2
1546 389 2
1583 391 2
1637 391 2
1518 392 2
1598 392 2
1619 392 2
1481 394 2
1536 394 2
1569 394 2
1513 395 2
1565 396 2
1546 398 2
1497 399 2
1346 401 2
1410 404 2
1453 404 2
1469 404 2
1376 405 2
1430 405 2
1396 408 2
1403 408 2
1423 410 2
1299 412 2
1320 414 2
1353 414 2
1340 417 2
1278 419 2
1208 425 2
1231 428 2
825 455 2
890 463 2
756 468 2
358 475 2
468 478 2
925 496 2
407 499 2
81 719 2