1598 583 1
1571 597 1
1537 599 1
1024 600 1
1362 600 1
1184 606 1
1348 612 1
1487 619 1
1260 621 1
885 626 1
1479 631 1
921 636 1
1155 638 1
982 639 1
1270 643 1
751 656 1
1077 656 1
589 667 1
840 670 1
134 685 1
292 685 1
497 685 1
692 429 2
777 431 2
777 456 2
913 487 2
1086 494 2
1069 536 2
768 538 2
1678 539 2
1825 544 2
1028 548 2
685 551 2
1182 551 2
743 553 2
1264 560 2
1786 563 2
1443 567 2
568 568 2
1888 574 2
456 575 2
1850 577 2
829 582 2
1734 582 2
112 583 2
1007 587 2
1435 589 2
175 616 2